ClockTime(s)_UtilizationValuesFrom:	Vision_Module	Audio_Module	Perceptual_SubNetwork	Production_Module	Declarative_Module	Imaginary_Module	Cognitive_SubNetwork	Motor_Module	Speech_Module	Motor_SubNetwork	Overall_Utilization
0.5	0.0	0.0	0.0	0.05	0.0	0.0	0.016666666666666666	0.95	0.0	0.475	0.1638888888888889
1.5	0.0	0.0	0.0	0.0	0.0	0.0	0.0	1.0	0.0	0.5	0.16666666666666666
2.5	0.0	0.0	0.0	0.0	0.0	0.0	0.0	1.0	0.0	0.5	0.16666666666666666
3.5	0.0	0.0	0.0	0.0	0.0	0.0	0.0	1.0	0.0	0.5	0.16666666666666666
4.5	0.0	0.0	0.0	0.0	0.0	0.0	0.0	1.0	0.0	0.5	0.16666666666666666
5.5	0.08499999999999996	0.4500000000000002	0.26750000000000007	0.3000000000000016	0.01499999999999968	0.39999999999999947	0.2383333333333336	0.04999999999999982	0.0	0.02499999999999991	0.17694444444444454
6.5	0.0	0.0	0.0	0.01499999999999968	0.9850000000000003	0.0	0.3333333333333333	0.0	0.0	0.0	0.1111111111111111
7.5	0.16999999999999993	0.2999999999999998	0.23499999999999988	0.5349999999999993	0.0	0.0	0.1783333333333331	0.0	0.0	0.0	0.13777777777777767
8.5	0.0	0.5500000000000007	0.27500000000000036	0.049999999999998934	0.40000000000000036	0.0	0.14999999999999977	0.0	0.0	0.0	0.14166666666666672
9.5	0.0	0.0	0.0	0.15000000000000036	0.5999999999999996	0.1999999999999993	0.31666666666666643	0.0	0.0	0.0	0.10555555555555547
10.5	0.0	0.75	0.375	0.05000000000000071	0.0	0.0	0.016666666666666902	0.0	0.0	0.0	0.13055555555555562
11.5	0.0	0.15000000000000036	0.07500000000000018	0.049999999999998934	0.8000000000000007	0.0	0.2833333333333332	0.0	0.0	0.0	0.11944444444444446
12.5	0.0	0.25	0.125	0.20000000000000107	0.8999999999999986	0.0	0.36666666666666653	0.0	0.0	0.0	0.16388888888888883
13.5	0.0	0.7000000000000011	0.35000000000000053	0.049999999999998934	0.3000000000000007	0.0	0.11666666666666654	0.0	0.0	0.0	0.1555555555555557
14.5	0.0	0.15000000000000036	0.07500000000000018	0.049999999999998934	0.8000000000000007	0.0	0.2833333333333332	0.0	0.0	0.0	0.11944444444444446
15.5	0.0	0.6499999999999986	0.3249999999999993	0.05000000000000071	0.1999999999999993	0.0	0.08333333333333333	0.0	0.0	0.0	0.13611111111111088
16.5	0.0	0.5	0.25	0.05000000000000071	0.4499999999999993	0.0	0.16666666666666666	0.0	0.0	0.0	0.13888888888888887
17.5	0.0	0.14999999999999858	0.07499999999999929	0.14999999999999858	0.5500000000000007	0.0	0.2333333333333331	0.0	0.0	0.0	0.10277777777777745
18.5	0.0	0.75	0.375	0.10000000000000142	0.14999999999999858	0.0	0.08333333333333333	0.0	0.0	0.0	0.15277777777777776
19.5	0.0	0.0	0.0	0.14999999999999858	0.8500000000000014	0.0	0.3333333333333333	0.0	0.0	0.0	0.1111111111111111
20.5	0.0	0.0	0.0	0.0	0.0	0.0	0.0	0.0	0.0	0.0	0.0
21.5	0.0	0.04100000000000037	0.020500000000000185	0.29100000000000037	0.0	0.0	0.09700000000000013	0.14999999999999858	0.1999999999999993	0.17499999999999893	0.09749999999999975
22.5	0.0	0.40000000000000213	0.20000000000000107	0.25000000000000355	0.0	0.0	0.08333333333333452	0.14999999999999858	0.7999999999999972	0.47499999999999787	0.2527777777777778
23.5	0.16999999999999815	0.009000000000000341	0.08949999999999925	0.45000000000000284	0.0	0.3999999999999986	0.2833333333333338	0.14999999999999858	0.04100000000000037	0.09549999999999947	0.15611111111111084
24.5	0.09099999999999753	0.3000000000000007	0.19549999999999912	0.31500000000000483	0.0	0.5999999999999979	0.3050000000000009	0.0	0.15899999999999892	0.07949999999999946	0.19333333333333313
25.5	0.16399999999999793	0.0	0.08199999999999896	0.31500000000000483	0.0	0.5999999999999979	0.3050000000000009	0.0	0.0	0.0	0.12899999999999995
26.5	0.2910000000000039	0.0	0.14550000000000196	0.7650000000000006	0.0	0.1999999999999993	0.3216666666666666	0.0	0.0	0.0	0.15572222222222284
27.5	0.2190000000000012	0.0	0.1095000000000006	0.40000000000000213	0.0	0.5999999999999979	0.3333333333333333	0.0	0.0	0.0	0.1476111111111113
28.5	0.08500000000000085	0.3000000000000007	0.19250000000000078	0.3639999999999972	0.0	0.40100000000000335	0.25500000000000017	0.14999999999999858	0.1999999999999993	0.17499999999999893	0.20749999999999993
29.5	0.18599999999999994	0.0	0.09299999999999997	0.565999999999999	0.0	0.3990000000000009	0.3216666666666666	0.0	0.0	0.0	0.1382222222222222
30.5	0.06899999999999906	0.0	0.03449999999999953	0.18400000000000105	0.815999999999999	0.0	0.3333333333333333	0.0	0.0	0.0	0.12261111111111095
31.5	0.1509999999999998	0.0	0.0754999999999999	0.4660000000000011	0.18400000000000105	0.4159999999999968	0.355333333333333	0.0	0.0	0.0	0.14361111111111097
32.5	0.18900000000000006	0.0	0.09450000000000003	0.4340000000000046	0.0	0.5839999999999961	0.33933333333333354	0.015999999999998238	0.0	0.007999999999999119	0.14727777777777756
33.5	0.08500000000000085	0.29999999999999716	0.192499999999999	0.29999999999999716	0.0	0.48100000000000165	0.2603333333333329	0.13400000000000034	0.20000000000000284	0.1670000000000016	0.20661111111111116
34.5	0.25499999999999545	0.0	0.12749999999999773	0.6459999999999937	0.0	0.3190000000000026	0.32166666666666544	0.0	0.0	0.0	0.14972222222222106
35.5	0.0	0.0	0.0	0.1039999999999992	0.8960000000000008	0.0	0.3333333333333333	0.0	0.0	0.0	0.1111111111111111
36.5	0.1700000000000017	0.0	0.08500000000000085	0.5000000000000071	0.1039999999999992	0.495999999999988	0.36666666666666475	0.0	0.0	0.0	0.1505555555555552
37.5	0.1700000000000017	0.0	0.08500000000000085	0.3999999999999986	0.0	0.5040000000000049	0.3013333333333345	0.09599999999999653	0.0	0.047999999999998266	0.14477777777777787
38.5	0.08500000000000085	0.29999999999999716	0.192499999999999	0.29999999999999716	0.0	0.5609999999999999	0.28699999999999903	0.054000000000002046	0.20000000000000284	0.12700000000000244	0.20216666666666683
39.5	0.25499999999998835	0.0	0.12749999999999417	0.7259999999999991	0.0	0.23900000000000432	0.3216666666666678	0.0	0.0	0.0	0.14972222222222067
40.5	0.25500000000000256	0.0	0.12750000000000128	0.47400000000001086	0.0	0.5259999999999891	0.3333333333333333	0.0	0.0	0.0	0.15361111111111153
41.5	0.08500000000000085	0.30000000000000426	0.19250000000000256	0.3500000000000014	0.0	0.41499999999999915	0.25500000000000017	0.14999999999999858	0.19999999999999574	0.17499999999999716	0.20749999999999993
42.5	0.1700000000000017	0.0	0.08500000000000085	0.3500000000000085	0.0	0.5649999999999906	0.3049999999999997	0.0	0.0	0.0	0.1300000000000002
43.5	0.1700000000000017	0.0	0.08500000000000085	0.3499999999999943	0.0	0.6500000000000057	0.3333333333333333	0.0	0.0	0.0	0.13944444444444473
44.5	0.25500000000000256	0.0	0.12750000000000128	0.45000000000000284	0.0	0.4649999999999963	0.3049999999999997	0.0	0.0	0.0	0.144166666666667
45.5	0.08499999999999375	0.0	0.042499999999996874	0.42099999999999227	0.0	0.5790000000000077	0.3333333333333333	0.0	0.0	0.0	0.12527777777777674
46.5	0.25499999999999545	0.0	0.12749999999999773	0.5290000000000106	0.0	0.19999999999999574	0.2430000000000021	0.2359999999999971	0.0	0.11799999999999855	0.1628333333333328
47.5	0.036000000000001364	0.0	0.018000000000000682	0.13600000000000279	0.0	0.0	0.04533333333333426	0.8639999999999972	0.0	0.4319999999999986	0.16511111111111118
48.5	0.13400000000000034	0.0	0.06700000000000017	0.3640000000000043	0.0	0.4859999999999971	0.2833333333333338	0.14999999999999858	0.13600000000000279	0.14300000000000068	0.1644444444444449
49.5	0.1700000000000017	0.29999999999999716	0.23499999999999943	0.3499999999999943	0.0	0.5650000000000048	0.3049999999999997	0.0	0.06400000000000006	0.03200000000000003	0.1906666666666664
50.5	0.15100000000000335	0.0	0.07550000000000168	0.3499999999999943	0.0	0.5650000000000048	0.3049999999999997	0.0	0.0	0.0	0.1268333333333338
51.5	0.134999999999998	0.0	0.067499999999999	0.33099999999999596	0.0	0.5840000000000032	0.3049999999999997	0.0	0.0	0.0	0.12416666666666624
52.5	0.3089999999999904	0.0	0.1544999999999952	0.7189999999999941	0.0	0.24600000000000222	0.32166666666666544	0.0	0.0	0.0	0.1587222222222202
53.5	0.0	0.0	0.0	0.04999999999999716	0.0	0.15400000000000347	0.06800000000000021	0.7959999999999994	0.0	0.3979999999999997	0.1553333333333333
54.5	0.1699999999999946	0.0	0.0849999999999973	0.29999999999999716	0.0	0.3960000000000008	0.23199999999999932	0.30400000000000205	0.0	0.15200000000000102	0.15633333333333255
55.5	0.08499999999999375	0.30000000000000426	0.192499999999999	0.3610000000000113	0.0	0.40399999999999636	0.25500000000000256	0.14999999999999858	0.19999999999999574	0.17499999999999716	0.20749999999999957
56.5	0.1700000000000017	0.0	0.08500000000000085	0.33900000000000574	0.0	0.5759999999999934	0.3049999999999997	0.0	0.0	0.0	0.1300000000000002
57.5	0.1700000000000017	0.0	0.08500000000000085	0.5409999999999897	0.0	0.4240000000000066	0.32166666666666544	0.0	0.0	0.0	0.13555555555555543
58.5	0.25500000000000256	0.0	0.12750000000000128	0.6000000000000014	0.0	0.3999999999999986	0.3333333333333333	0.0	0.0	0.0	0.15361111111111153
59.5	0.1700000000000017	0.24099999999999966	0.20550000000000068	0.365000000000002	0.0	0.3999999999999986	0.25500000000000017	0.14999999999999858	0.20000000000000284	0.1750000000000007	0.21183333333333385
60.5	0.14099999999999824	0.0589999999999975	0.09999999999999787	0.39399999999999125	0.0	0.6060000000000088	0.3333333333333333	0.0	0.0	0.0	0.14444444444444374
61.5	0.13500000000000512	0.0	0.06750000000000256	0.32100000000000506	0.0	0.5939999999999941	0.3049999999999997	0.0	0.0	0.0	0.12416666666666742
62.5	0.23400000000000176	0.0	0.11700000000000088	0.5790000000000077	0.18599999999999994	0.19999999999999574	0.3216666666666678	0.0	0.0	0.0	0.1462222222222229
63.5	0.0	0.0	0.0	0.04999999999999716	0.8140000000000001	0.13600000000000279	0.3333333333333333	0.0	0.0	0.0	0.1111111111111111
64.5	0.1700000000000017	0.0	0.08500000000000085	0.4000000000000057	0.0	0.46399999999999864	0.2880000000000014	0.13599999999999568	0.0	0.06799999999999784	0.14700000000000005
65.5	0.08499999999999375	0.29999999999999716	0.19249999999999545	0.30100000000004457	0.0	0.5999999999999659	0.30033333333333684	0.013999999999995794	0.20000000000000284	0.10699999999999932	0.1999444444444439
66.5	0.25499999999998124	0.0	0.12749999999999062	0.7489999999999952	0.016000000000005343	0.20000000000000284	0.3216666666666678	0.0	0.0	0.0	0.14972222222221948
67.5	0.0	0.0	0.0	0.016000000000005343	0.9839999999999947	0.0	0.3333333333333333	0.0	0.0	0.0	0.1111111111111111
68.5	0.08499999999999375	0.0	0.042499999999996874	0.23400000000000887	0.0	0.3999999999999915	0.21133333333333346	0.36599999999999966	0.0	0.18299999999999983	0.14561111111111005
69.5	0.08499999999999375	0.0	0.042499999999996874	0.15000000000000568	0.0	0.11599999999999966	0.08866666666666845	0.7339999999999947	0.0	0.36699999999999733	0.1660555555555542
70.5	0.08500000000000796	0.0660000000000025	0.07550000000000523	0.36600000000001387	0.0	0.48399999999999466	0.28333333333333616	0.14999999999999147	0.20000000000000284	0.17499999999999716	0.17794444444444615
71.5	0.1699999999999875	0.23399999999999466	0.20199999999999108	0.3340000000000032	0.0	0.5810000000000031	0.3050000000000021	0.0	0.0	0.0	0.16899999999999774
72.5	0.1700000000000017	0.0	0.08500000000000085	0.5499999999999972	0.0	0.019000000000005457	0.18966666666666754	0.3960000000000008	0.0	0.1980000000000004	0.15755555555555625
