ClockTime(s)_UtilizationValuesFrom:	Vision_Module	Audio_Module	Perceptual_SubNetwork	Production_Module	Declarative_Module	Imaginary_Module	Cognitive_SubNetwork	Motor_Module	Speech_Module	Motor_SubNetwork	Overall_Utilization
0.5	0.16999999999999996	0.0	0.08499999999999998	0.34999999999999987	0.0	0.5650000000000002	0.305	0.0	0.0	0.0	0.12999999999999998
1.5	0.16999999999999993	0.0	0.08499999999999996	0.3500000000000003	0.0	0.5649999999999997	0.305	0.0	0.0	0.0	0.12999999999999998
2.5	0.2549999999999999	0.0	0.12749999999999995	0.4500000000000002	0.0	0.5499999999999998	0.3333333333333333	0.0	0.0	0.0	0.1536111111111111
3.5	0.17000000000000037	0.0	0.08500000000000019	0.34999999999999964	0.0	0.5650000000000004	0.305	0.0	0.0	0.0	0.13000000000000006
4.5	0.21499999999999986	0.0	0.10749999999999993	0.4449999999999994	0.0	0.5550000000000006	0.3333333333333333	0.0	0.0	0.0	0.1469444444444444
5.5	0.1349999999999998	0.0	0.0674999999999999	0.3150000000000013	0.0	0.5999999999999988	0.305	0.0	0.0	0.0	0.12416666666666663
6.5	0.2450000000000001	0.4500000000000002	0.34750000000000014	0.39000000000000057	0.0	0.45999999999999996	0.2833333333333335	0.0	0.0	0.0	0.21027777777777787
7.5	0.0	0.0	0.0	0.05000000000000071	0.8099999999999996	0.13999999999999968	0.3333333333333333	0.0	0.0	0.0	0.1111111111111111
8.5	0.0	0.3099999999999987	0.15499999999999936	0.20000000000000107	0.1899999999999995	0.1999999999999993	0.19666666666666663	0.0	0.0	0.0	0.117222222222222
9.5	0.0	0.5399999999999991	0.2699999999999996	0.05000000000000071	0.41000000000000014	0.0	0.15333333333333363	0.0	0.0	0.0	0.14111111111111108
10.5	0.0	0.10999999999999943	0.054999999999999716	0.15000000000000036	0.5899999999999999	0.0	0.24666666666666673	0.0	0.0	0.0	0.10055555555555547
11.5	0.0	0.7899999999999991	0.3949999999999996	0.10000000000000142	0.10999999999999943	0.0	0.07000000000000028	0.0	0.0	0.0	0.15499999999999994
12.5	0.0	0.0	0.0	0.10999999999999943	0.9000000000000004	0.0	0.3366666666666666	0.0	0.0	0.0	0.11222222222222221
13.5	0.0	0.29999999999999893	0.14999999999999947	0.09999999999999964	0.9900000000000002	0.0	0.3633333333333333	0.0	0.0	0.0	0.1711111111111109
14.5	0.0	0.8000000000000007	0.40000000000000036	0.08999999999999986	0.10999999999999943	0.0	0.06666666666666643	0.0	0.0	0.0	0.15555555555555559
15.5	0.0	0.35999999999999943	0.17999999999999972	0.049999999999998934	0.8900000000000006	0.0	0.3133333333333332	0.0	0.0	0.0	0.1644444444444443
16.5	0.0	0.7899999999999991	0.3949999999999996	0.05000000000000071	0.16000000000000014	0.0	0.07000000000000028	0.0	0.0	0.0	0.15499999999999994
17.5	0.0	0.3100000000000023	0.15500000000000114	0.14999999999999858	0.8399999999999999	0.0	0.32999999999999946	0.0	0.0	0.0	0.16166666666666688
18.5	0.0	0.5899999999999999	0.29499999999999993	0.05000000000000071	0.35999999999999943	0.0	0.13666666666666671	0.0	0.0	0.0	0.14388888888888887
19.5	0.0	0.0	0.0	0.14999999999999858	0.6400000000000006	0.0	0.26333333333333303	0.0	0.0	0.0	0.08777777777777768
20.5	0.0	0.0	0.0	0.0	0.0	0.0	0.0	0.0	0.0	0.0	0.0
21.5	0.05699999999999861	0.0	0.028499999999999304	0.25	0.0	0.0	0.08333333333333333	0.0	0.0	0.0	0.03727777777777754
22.5	0.11299999999999955	0.27199999999999847	0.192499999999999	0.4219999999999935	0.0	0.0	0.1406666666666645	0.15000000000000213	0.4000000000000057	0.2750000000000039	0.20272222222222247
23.5	0.08500000000000085	0.17799999999999017	0.1314999999999955	0.3279999999999923	0.0	0.12199999999999989	0.14999999999999739	0.15000000000000213	0.6000000000000085	0.37500000000000533	0.21883333333333274
24.5	0.08500000000000085	0.07199999999999918	0.07850000000000001	0.37199999999999633	0.0	0.47800000000000153	0.2833333333333326	0.15000000000000213	0.1999999999999993	0.1750000000000007	0.17894444444444443
25.5	0.16999999999999815	0.22800000000000153	0.19899999999999984	0.3279999999999994	0.0	0.5869999999999997	0.3049999999999997	0.0	0.0	0.0	0.16799999999999984
26.5	0.16999999999999815	0.0	0.08499999999999908	0.3500000000000014	0.0	0.5650000000000013	0.3050000000000009	0.0	0.0	0.0	0.12999999999999998
27.5	0.254999999999999	0.0	0.1274999999999995	0.4499999999999993	0.0	0.5500000000000007	0.3333333333333333	0.0	0.0	0.0	0.15361111111111095
28.5	0.1700000000000017	0.0	0.08500000000000085	0.3500000000000014	0.0	0.5649999999999977	0.3049999999999997	0.0	0.0	0.0	0.1300000000000002
29.5	0.25200000000000244	0.0	0.12600000000000122	0.6320000000000014	0.0	0.3329999999999984	0.3216666666666666	0.0	0.0	0.0	0.14922222222222262
30.5	0.08800000000000097	0.0	0.04400000000000048	0.2680000000000007	0.0	0.1999999999999993	0.156	0.532	0.0	0.266	0.15533333333333352
31.5	0.08500000000000085	0.0	0.042500000000000426	0.23199999999999932	0.0	0.1999999999999993	0.14399999999999955	0.5680000000000014	0.0	0.2840000000000007	0.15683333333333357
32.5	0.1670000000000016	0.23199999999999932	0.19950000000000045	0.3680000000000021	0.0	0.3999999999999986	0.2560000000000002	0.14999999999999858	0.20000000000000284	0.1750000000000007	0.21016666666666714
33.5	0.134999999999998	0.06799999999999784	0.10149999999999793	0.39699999999999136	0.0	0.6000000000000085	0.3323333333333333	0.0	0.0	0.0	0.1446111111111104
34.5	0.134999999999998	0.0	0.067499999999999	0.31500000000000483	0.0	0.5999999999999943	0.3049999999999997	0.0	0.0	0.0	0.12416666666666624
35.5	0.2430000000000021	0.0	0.12150000000000105	0.637999999999991	0.12700000000000244	0.20000000000000284	0.32166666666666544	0.0	0.0	0.0	0.14772222222222217
36.5	0.0	0.0	0.0	0.05000000000000426	0.8729999999999976	0.07699999999999818	0.3333333333333333	0.0	0.0	0.0	0.1111111111111111
37.5	0.19699999999999562	0.0	0.09849999999999781	0.5769999999999982	0.0	0.5229999999999961	0.36666666666666475	0.0	0.0	0.0	0.1550555555555542
38.5	0.14300000000000068	0.0	0.07150000000000034	0.37300000000000466	0.0	0.47699999999999676	0.2833333333333338	0.14999999999999858	0.12700000000000244	0.1385000000000005	0.1644444444444449
39.5	0.1700000000000017	0.29999999999999716	0.23499999999999943	0.3499999999999943	0.0	0.5650000000000048	0.3049999999999997	0.0	0.0730000000000004	0.0365000000000002	0.19216666666666646
40.5	0.1699999999999946	0.0	0.0849999999999973	0.5999999999999943	0.20700000000000074	0.15800000000000125	0.32166666666666544	0.0	0.0	0.0	0.13555555555555424
41.5	0.0	0.0	0.0	0.05000000000000426	0.7929999999999993	0.15699999999999648	0.3333333333333333	0.0	0.0	0.0	0.1111111111111111
42.5	0.25500000000000256	0.0	0.12750000000000128	0.6000000000000014	0.0	0.4999999999999929	0.36666666666666475	0.0	0.0	0.0	0.16472222222222202
43.5	0.08500000000000085	0.006999999999997897	0.045999999999999375	0.3500000000000014	0.0	0.5	0.2833333333333338	0.14999999999999858	0.20000000000000284	0.1750000000000007	0.16811111111111132
44.5	0.1699999999999946	0.29299999999999926	0.23149999999999693	0.3499999999999943	0.0	0.5650000000000048	0.3049999999999997	0.0	0.0	0.0	0.1788333333333322
45.5	0.1700000000000017	0.0	0.08500000000000085	0.3499999999999943	0.0	0.5650000000000048	0.3049999999999997	0.0	0.0	0.0	0.1300000000000002
46.5	0.25500000000000256	0.0	0.12750000000000128	0.44999999999999574	0.0	0.5500000000000043	0.3333333333333333	0.0	0.0	0.0	0.15361111111111153
47.5	0.1700000000000017	0.0	0.08500000000000085	0.3500000000000014	0.0	0.5649999999999977	0.3049999999999997	0.0	0.0	0.0	0.1300000000000002
48.5	0.17199999999999704	0.0	0.08599999999999852	0.3999999999999915	0.0	0.5980000000000061	0.33266666666666583	0.0	0.0	0.0	0.1395555555555548
49.5	0.16799999999999926	0.0	0.08399999999999963	0.3170000000000073	0.0	0.5999999999999943	0.3056666666666672	0.0	0.0	0.0	0.12988888888888894
50.5	0.25500000000000256	0.0	0.12750000000000128	0.7649999999999935	0.0	0.20000000000000284	0.32166666666666544	0.0	0.0	0.0	0.14972222222222223
51.5	0.1700000000000017	0.0	0.08500000000000085	0.41799999999999926	0.0	0.43200000000000216	0.2833333333333338	0.14999999999999858	0.08200000000000074	0.11599999999999966	0.16144444444444478
52.5	0.1319999999999979	0.29999999999999716	0.21599999999999753	0.3469999999999942	0.0	0.568000000000005	0.3049999999999997	0.0	0.1180000000000021	0.05900000000000105	0.19333333333333277
53.5	0.29299999999999216	0.0	0.14649999999999608	0.703000000000003	0.0	0.26200000000000045	0.3216666666666678	0.0	0.0	0.0	0.15605555555555464
54.5	0.0	0.0	0.0	0.05000000000000426	0.0	0.13799999999999812	0.06266666666666747	0.8119999999999976	0.0	0.4059999999999988	0.1562222222222221
55.5	0.1700000000000017	0.0	0.08500000000000085	0.3120000000000047	0.0	0.3999999999999986	0.23733333333333442	0.2879999999999967	0.0	0.14399999999999835	0.15544444444444452
56.5	0.08500000000000085	0.29999999999999716	0.192499999999999	0.3650000000000091	0.0	0.3999999999999915	0.25500000000000017	0.14999999999999858	0.20000000000000284	0.1750000000000007	0.20749999999999993
57.5	0.1700000000000017	0.0	0.08500000000000085	0.3999999999999986	0.0	0.6000000000000014	0.3333333333333333	0.0	0.0	0.0	0.13944444444444473
58.5	0.1699999999999946	0.0	0.0849999999999973	0.31500000000001904	0.0	0.5999999999999872	0.3050000000000021	0.0	0.0	0.0	0.1299999999999998
59.5	0.1700000000000017	0.0	0.08500000000000085	0.3149999999999906	0.0	0.6000000000000085	0.3049999999999997	0.0	0.0	0.0	0.1300000000000002
60.5	0.25499999999998835	0.0	0.12749999999999417	0.7650000000000006	0.0	0.20000000000000284	0.3216666666666678	0.0	0.0	0.0	0.14972222222222067
61.5	0.08500000000000085	0.0	0.042500000000000426	0.12800000000000722	0.0	0.19999999999999574	0.10933333333333432	0.671999999999997	0.0	0.3359999999999985	0.1626111111111111
62.5	0.1700000000000017	0.0	0.08500000000000085	0.30000000000000426	0.0	0.27199999999999847	0.19066666666666757	0.42799999999999727	0.0	0.21399999999999864	0.16322222222222235
63.5	0.08500000000000085	0.29999999999999716	0.192499999999999	0.3500000000000014	0.0	0.41499999999999915	0.25500000000000017	0.14999999999999858	0.20000000000000284	0.1750000000000007	0.20749999999999993
64.5	0.1700000000000017	0.0	0.08500000000000085	0.3500000000000085	0.0	0.6499999999999915	0.3333333333333333	0.0	0.0	0.0	0.13944444444444473
65.5	0.17000000000001592	0.0	0.08500000000000796	0.3499999999999801	0.0	0.5650000000000119	0.30499999999999733	0.0	0.0	0.0	0.13000000000000175
66.5	0.1700000000000017	0.0	0.08500000000000085	0.35000000000003695	0.0	0.5649999999999693	0.3050000000000021	0.0	0.0	0.0	0.13000000000000098
67.5	0.23699999999999477	0.0	0.11849999999999739	0.45000000000000284	0.0	0.5499999999999972	0.3333333333333333	0.0	0.0	0.0	0.15061111111111022
68.5	0.1880000000000024	0.0	0.0940000000000012	0.3319999999999794	0.0	0.5830000000000126	0.30499999999999733	0.0	0.0	0.0	0.1329999999999995
69.5	0.17000000000001592	0.0	0.08500000000000796	0.5649999999999835	0.0	0.4000000000000057	0.32166666666666305	0.0	0.0	0.0	0.135555555555557
70.5	0.3019999999999925	0.0	0.15099999999999625	0.6000000000000085	0.0	0.3999999999999915	0.3333333333333333	0.0	0.0	0.0	0.1614444444444432
71.5	0.12300000000000466	0.29699999999999704	0.21000000000000085	0.3529999999999802	0.0	0.41200000000000614	0.25499999999999545	0.15000000000000568	0.20000000000000284	0.17500000000000426	0.2133333333333335
72.5	0.1700000000000017	0.0030000000000001137	0.08650000000000091	0.3499999999999943	0.0	0.6500000000000057	0.3333333333333333	0.0	0.0	0.0	0.13994444444444473
73.5	0.16199999999999193	0.0	0.08099999999999596	0.35000000000002274	0.0	0.5649999999999835	0.3050000000000021	0.0	0.0	0.0	0.128666666666666
74.5	0.17799999999999727	0.0	0.08899999999999864	0.34199999999999875	0.0	0.5730000000000075	0.3050000000000021	0.0	0.0	0.0	0.13133333333333358
75.5	0.1699999999999875	0.0	0.08499999999999375	0.31500000000001194	0.0	0.5999999999999943	0.3050000000000021	0.0	0.0	0.0	0.12999999999999862
76.5	0.1699999999999875	0.0	0.08499999999999375	0.5650000000000119	0.0	0.3999999999999915	0.3216666666666678	0.0	0.0	0.0	0.13555555555555385
77.5	0.08499999999999375	0.0	0.042499999999996874	0.17799999999999727	0.8220000000000027	0.0	0.3333333333333333	0.0	0.0	0.0	0.12527777777777674
78.5	0.1699999999999875	0.0	0.08499999999999375	0.3499999999999943	0.17799999999999727	0.4720000000000084	0.3333333333333333	0.0	0.0	0.0	0.13944444444444234
79.5	0.08499999999999375	0.29999999999999716	0.19249999999999545	0.3499999999999943	0.0	0.41500000000000625	0.25500000000000017	0.15000000000000568	0.20000000000000284	0.17500000000000426	0.20749999999999993
80.5	0.1700000000000017	0.0	0.08500000000000085	0.3500000000000085	0.0	0.6499999999999915	0.3333333333333333	0.0	0.0	0.0	0.13944444444444473
81.5	0.17000000000001592	0.0	0.08500000000000796	0.3499999999999801	0.0	0.5650000000000119	0.30499999999999733	0.0	0.0	0.0	0.13000000000000175
82.5	0.25500000000000966	0.0	0.12750000000000483	0.45000000000000284	0.0	0.5499999999999972	0.3333333333333333	0.0	0.0	0.0	0.15361111111111272
83.5	0.1519999999999868	0.0	0.0759999999999934	0.3500000000000085	0.0	0.5649999999999977	0.3050000000000021	0.0	0.0	0.0	0.1269999999999985
84.5	0.1880000000000024	0.0	0.0940000000000012	0.3319999999999794	0.0	0.5830000000000126	0.30499999999999733	0.0	0.0	0.0	0.1329999999999995
85.5	0.1700000000000017	0.0	0.08500000000000085	0.3999999999999915	0.0	0.6000000000000085	0.3333333333333333	0.0	0.0	0.0	0.13944444444444473
86.5	0.25499999999999545	0.0	0.12749999999999773	0.3680000000000092	0.0	0.546999999999997	0.3050000000000021	0.0	0.0	0.0	0.1441666666666666
87.5	0.1699999999999875	0.0	0.08499999999999375	0.3500000000000085	0.0	0.5649999999999977	0.3050000000000021	0.0	0.0	0.0	0.12999999999999862
88.5	0.1700000000000017	0.0	0.08500000000000085	0.3500000000000085	0.0	0.6499999999999915	0.3333333333333333	0.0	0.0	0.0	0.13944444444444473
89.5	0.1700000000000017	0.0	0.08500000000000085	0.3500000000000085	0.0	0.5649999999999977	0.3050000000000021	0.0	0.0	0.0	0.13000000000000098
90.5	0.1699999999999875	0.0	0.08499999999999375	0.35000000000003695	0.0	0.5649999999999693	0.3050000000000021	0.0	0.0	0.0	0.12999999999999862
91.5	0.1699999999999875	0.0	0.08499999999999375	0.5999999999999943	0.257000000000005	0.10800000000000409	0.3216666666666678	0.0	0.0	0.0	0.13555555555555385
92.5	0.0	0.0	0.0	0.05700000000001637	0.742999999999995	0.19999999999998863	0.3333333333333333	0.0	0.0	0.0	0.1111111111111111
93.5	0.08499999999999375	0.0	0.042499999999996874	0.19299999999999784	0.0	0.20000000000000284	0.13100000000000023	0.6069999999999993	0.0	0.30349999999999966	0.15899999999999892
94.5	0.1419999999999959	0.0	0.07099999999999795	0.29999999999999716	0.0	0.20700000000000784	0.16900000000000168	0.492999999999995	0.0	0.2464999999999975	0.1621666666666657
95.5	0.11299999999999955	0.29999999999999716	0.20649999999999835	0.35000000000002274	0.0	0.41499999999999204	0.25500000000000494	0.14999999999999147	0.20000000000000284	0.17499999999999716	0.21216666666666684
96.5	0.1699999999999875	0.0	0.08499999999999375	0.3499999999999943	0.0	0.6500000000000057	0.3333333333333333	0.0	0.0	0.0	0.13944444444444234
97.5	0.17000000000001592	0.0	0.08500000000000796	0.3499999999999801	0.0	0.5650000000000119	0.30499999999999733	0.0	0.0	0.0	0.13000000000000175
98.5	0.1699999999999875	0.0	0.08499999999999375	0.35000000000002274	0.0	0.5649999999999835	0.3050000000000021	0.0	0.0	0.0	0.12999999999999862
99.5	0.1869999999999834	0.0	0.0934999999999917	0.5670000000000073	0.0	0.39799999999999613	0.3216666666666678	0.0	0.0	0.0	0.1383888888888865
100.5	0.06799999999999784	0.0	0.03399999999999892	0.08299999999999841	0.0	0.0	0.027666666666666135	0.0	0.0	0.0	0.02055555555555502
