ClockTime(s)_UtilizationValuesFrom:	Vision_Module	Audio_Module	Perceptual_SubNetwork	Production_Module	Declarative_Module	Imaginary_Module	Cognitive_SubNetwork	Motor_Module	Speech_Module	Motor_SubNetwork	Overall_Utilization
0.5	0.0	0.0	0.0	0.05	0.0	0.0	0.016666666666666666	0.95	0.0	0.475	0.1638888888888889
1.5	0.0	0.0	0.0	0.0	0.0	0.0	0.0	1.0	0.0	0.5	0.16666666666666666
2.5	0.0	0.0	0.0	0.0	0.0	0.0	0.0	1.0	0.0	0.5	0.16666666666666666
3.5	0.0	0.0	0.0	0.0	0.0	0.0	0.0	1.0	0.0	0.5	0.16666666666666666
4.5	0.0	0.0	0.0	0.0	0.0	0.0	0.0	1.0	0.0	0.5	0.16666666666666666
5.5	0.08499999999999996	0.4500000000000002	0.26750000000000007	0.3000000000000016	0.01499999999999968	0.39999999999999947	0.2383333333333336	0.04999999999999982	0.0	0.02499999999999991	0.17694444444444454
6.5	0.0	0.0	0.0	0.01499999999999968	0.9850000000000003	0.0	0.3333333333333333	0.0	0.0	0.0	0.1111111111111111
7.5	0.16999999999999993	0.2999999999999998	0.23499999999999988	0.5349999999999993	0.0	0.0	0.1783333333333331	0.0	0.0	0.0	0.13777777777777767
8.5	0.0	0.5500000000000007	0.27500000000000036	0.049999999999998934	0.40000000000000036	0.0	0.14999999999999977	0.0	0.0	0.0	0.14166666666666672
9.5	0.0	0.0	0.0	0.15000000000000036	0.5999999999999996	0.1999999999999993	0.31666666666666643	0.0	0.0	0.0	0.10555555555555547
10.5	0.0	0.75	0.375	0.05000000000000071	0.0	0.0	0.016666666666666902	0.0	0.0	0.0	0.13055555555555562
11.5	0.0	0.15000000000000036	0.07500000000000018	0.049999999999998934	0.8000000000000007	0.0	0.2833333333333332	0.0	0.0	0.0	0.11944444444444446
12.5	0.0	0.25	0.125	0.20000000000000107	0.8999999999999986	0.0	0.36666666666666653	0.0	0.0	0.0	0.16388888888888883
13.5	0.0	0.7000000000000011	0.35000000000000053	0.049999999999998934	0.3000000000000007	0.0	0.11666666666666654	0.0	0.0	0.0	0.1555555555555557
14.5	0.0	0.15000000000000036	0.07500000000000018	0.049999999999998934	0.8000000000000007	0.0	0.2833333333333332	0.0	0.0	0.0	0.11944444444444446
15.5	0.0	0.6499999999999986	0.3249999999999993	0.05000000000000071	0.1999999999999993	0.0	0.08333333333333333	0.0	0.0	0.0	0.13611111111111088
16.5	0.0	0.5	0.25	0.05000000000000071	0.4499999999999993	0.0	0.16666666666666666	0.0	0.0	0.0	0.13888888888888887
17.5	0.0	0.14999999999999858	0.07499999999999929	0.14999999999999858	0.5500000000000007	0.0	0.2333333333333331	0.0	0.0	0.0	0.10277777777777745
18.5	0.0	0.75	0.375	0.10000000000000142	0.14999999999999858	0.0	0.08333333333333333	0.0	0.0	0.0	0.15277777777777776
19.5	0.0	0.0	0.0	0.14999999999999858	0.8500000000000014	0.0	0.3333333333333333	0.0	0.0	0.0	0.1111111111111111
20.5	0.0	0.0	0.0	0.0	0.0	0.0	0.0	0.0	0.0	0.0	0.0
21.5	0.0	0.04100000000000037	0.020500000000000185	0.29100000000000037	0.0	0.0	0.09700000000000013	0.14999999999999858	0.1999999999999993	0.17499999999999893	0.09749999999999975
22.5	0.0	0.40000000000000213	0.20000000000000107	0.25000000000000355	0.0	0.0	0.08333333333333452	0.14999999999999858	0.7999999999999972	0.47499999999999787	0.2527777777777778
23.5	0.16999999999999815	0.009000000000000341	0.08949999999999925	0.45000000000000284	0.0	0.3999999999999986	0.2833333333333338	0.14999999999999858	0.04100000000000037	0.09549999999999947	0.15611111111111084
24.5	0.09099999999999753	0.3000000000000007	0.19549999999999912	0.31500000000000483	0.0	0.5999999999999979	0.3050000000000009	0.0	0.15899999999999892	0.07949999999999946	0.19333333333333313
25.5	0.32000000000000384	0.0	0.16000000000000192	0.7439999999999998	0.0	0.22100000000000009	0.3216666666666666	0.0	0.0	0.0	0.16055555555555617
26.5	0.18400000000000105	0.0	0.09200000000000053	0.4210000000000029	0.0	0.5789999999999971	0.3333333333333333	0.0	0.0	0.0	0.14177777777777795
27.5	0.08500000000000085	0.3000000000000007	0.19250000000000078	0.3289999999999971	0.0	0.4360000000000035	0.25500000000000017	0.14999999999999858	0.1999999999999993	0.17499999999999893	0.20749999999999993
28.5	0.22100000000000009	0.0	0.11050000000000004	0.6009999999999991	0.0	0.36400000000000077	0.3216666666666666	0.0	0.0	0.0	0.14405555555555555
29.5	0.03399999999999892	0.0	0.01699999999999946	0.1490000000000009	0.8509999999999991	0.0	0.3333333333333333	0.0	0.0	0.0	0.11677777777777759
30.5	0.1700000000000017	0.0	0.08500000000000085	0.5	0.1490000000000009	0.45099999999999696	0.366666666666666	0.0	0.0	0.0	0.1505555555555556
31.5	0.1700000000000017	0.0	0.08500000000000085	0.40000000000000213	0.0	0.5489999999999995	0.31633333333333385	0.05099999999999838	0.0	0.02549999999999919	0.14227777777777798
32.5	0.08500000000000085	0.30000000000000426	0.19250000000000256	0.29999999999999716	0.0	0.5160000000000053	0.27200000000000085	0.09899999999999665	0.19999999999999574	0.1494999999999962	0.20466666666666655
33.5	0.25500000000000256	0.0	0.12750000000000128	0.6810000000000045	0.0	0.2839999999999989	0.3216666666666678	0.0	0.0	0.0	0.14972222222222303
34.5	0.0	0.0	0.0	0.06900000000000261	0.9309999999999974	0.0	0.3333333333333333	0.0	0.0	0.0	0.1111111111111111
35.5	0.1700000000000017	0.0	0.08500000000000085	0.4999999999999929	0.06900000000000261	0.5310000000000059	0.36666666666666714	0.0	0.0	0.0	0.150555555555556
36.5	0.1700000000000017	0.0	0.08500000000000085	0.4000000000000057	0.0	0.4689999999999941	0.2896666666666666	0.13100000000000023	0.0	0.06550000000000011	0.1467222222222225
37.5	0.08500000000000085	0.30000000000000426	0.19250000000000256	0.30000000000000426	0.0	0.5959999999999965	0.2986666666666669	0.01899999999999835	0.19999999999999574	0.10949999999999704	0.20022222222222216
38.5	0.25500000000000256	0.0	0.12750000000000128	0.7610000000000099	0.0	0.20399999999999352	0.3216666666666678	0.0	0.0	0.0	0.14972222222222303
39.5	0.25500000000000256	0.0	0.12750000000000128	0.43899999999999295	0.0	0.561000000000007	0.3333333333333333	0.0	0.0	0.0	0.15361111111111153
40.5	0.08500000000000085	0.29999999999999716	0.192499999999999	0.3500000000000014	0.0	0.41499999999999915	0.25500000000000017	0.14999999999999858	0.20000000000000284	0.1750000000000007	0.20749999999999993
41.5	0.1700000000000017	0.0	0.08500000000000085	0.37599999999999767	0.0	0.6240000000000023	0.3333333333333333	0.0	0.0	0.0	0.13944444444444473
42.5	0.25500000000000256	0.0	0.12750000000000128	0.4239999999999995	0.0	0.49099999999999966	0.3049999999999997	0.0	0.0	0.0	0.144166666666667
43.5	0.12599999999999056	0.0	0.06299999999999528	0.49099999999999255	0.0	0.5090000000000074	0.3333333333333333	0.0	0.0	0.0	0.13211111111110954
44.5	0.21399999999999864	0.0	0.10699999999999932	0.4590000000000103	0.0	0.19999999999999574	0.21966666666666868	0.3059999999999974	0.0	0.1529999999999987	0.15988888888888889
45.5	0.08500000000000085	0.0	0.042500000000000426	0.15000000000000568	0.0	0.055999999999997385	0.0686666666666677	0.7939999999999969	0.0	0.39699999999999847	0.16938888888888884
46.5	0.08500000000000085	0.006000000000000227	0.04550000000000054	0.3500000000000014	0.0	0.5	0.2833333333333338	0.14999999999999858	0.20000000000000284	0.1750000000000007	0.16794444444444503
47.5	0.1700000000000017	0.29399999999999693	0.23199999999999932	0.3500000000000085	0.0	0.5649999999999906	0.3049999999999997	0.0	0.0	0.0	0.1789999999999997
48.5	0.25499999999998835	0.0	0.12749999999999417	0.6999999999999957	0.0	0.26500000000000057	0.32166666666666544	0.0	0.0	0.0	0.14972222222221987
49.5	0.0	0.0	0.0	0.04999999999999716	0.0	0.014000000000002899	0.021333333333333353	0.9359999999999999	0.0	0.46799999999999997	0.16311111111111112
50.5	0.1699999999999946	0.0	0.0849999999999973	0.3999999999999986	0.0	0.3999999999999986	0.2666666666666657	0.20000000000000284	0.0	0.10000000000000142	0.1505555555555548
51.5	0.08499999999999375	0.30000000000000426	0.192499999999999	0.30000000000001137	0.0	0.5009999999999977	0.267000000000003	0.11399999999999721	0.19999999999999574	0.15699999999999648	0.2054999999999995
52.5	0.25500000000000256	0.0	0.12750000000000128	0.666000000000011	0.0	0.2989999999999924	0.3216666666666678	0.0	0.0	0.0	0.14972222222222303
53.5	0.25499999999998835	0.0	0.12749999999999417	0.48399999999999466	0.0	0.5160000000000053	0.3333333333333333	0.0	0.0	0.0	0.15361111111110917
54.5	0.08500000000000085	0.29999999999999716	0.192499999999999	0.3499999999999872	0.0	0.41500000000000625	0.25499999999999784	0.15000000000000568	0.20000000000000284	0.17500000000000426	0.20750000000000038
55.5	0.16600000000000392	0.0	0.08300000000000196	0.5	0.0	0.4690000000000012	0.3230000000000004	0.0	0.0	0.0	0.1353333333333341
56.5	0.08899999999999864	0.0	0.04449999999999932	0.25	0.7460000000000022	0.0	0.33200000000000074	0.0	0.0	0.0	0.12550000000000003
57.5	0.13100000000000023	0.0	0.06550000000000011	0.34600000000001074	0.2539999999999978	0.3999999999999915	0.3333333333333333	0.0	0.0	0.0	0.13294444444444448
58.5	0.12400000000000233	0.2959999999999994	0.21000000000000085	0.3539999999999992	0.0	0.41100000000000136	0.25500000000000017	0.14999999999999858	0.20000000000000284	0.1750000000000007	0.2133333333333339
59.5	0.08500000000000085	0.003999999999997783	0.04449999999999932	0.41099999999999426	0.0	0.5890000000000057	0.3333333333333333	0.0	0.0	0.0	0.12594444444444422
60.5	0.1700000000000017	0.0	0.08500000000000085	0.3889999999999958	0.5760000000000005	0.0	0.32166666666666544	0.0	0.0	0.0	0.13555555555555543
61.5	0.08500000000000085	0.0	0.042500000000000426	0.19999999999999574	0.4239999999999995	0.3760000000000048	0.3333333333333333	0.0	0.0	0.0	0.1252777777777779
62.5	0.0	0.0	0.0	0.04999999999999716	0.0	0.02400000000000091	0.02466666666666602	0.9260000000000019	0.0	0.46300000000000097	0.16255555555555565
63.5	0.1700000000000017	0.0	0.08500000000000085	0.3999999999999915	0.0	0.4000000000000057	0.2666666666666657	0.20000000000000284	0.0	0.10000000000000142	0.150555555555556
64.5	0.08499999999999375	0.30000000000001137	0.19250000000000256	0.3000000000000256	0.0	0.49099999999998545	0.2636666666666703	0.12399999999999523	0.19999999999998863	0.16199999999999193	0.2060555555555549
65.5	0.25499999999998124	0.0	0.12749999999999062	0.6560000000000059	0.0	0.3089999999999975	0.3216666666666678	0.0	0.0	0.0	0.14972222222221948
66.5	0.0	0.0	0.0	0.04399999999999693	0.0	0.0	0.014666666666665643	0.9560000000000031	0.0	0.47800000000000153	0.1642222222222224
