ClockTime(s)_UtilizationValuesFrom:	Vision_Module	Audio_Module	Perceptual_SubNetwork	Production_Module	Declarative_Module	Imaginary_Module	Cognitive_SubNetwork	Motor_Module	Speech_Module	Motor_SubNetwork	Overall_Utilization
0.5	0.0	0.0	0.0	0.05	0.0	0.0	0.016666666666666666	0.95	0.0	0.475	0.1638888888888889
1.5	0.0	0.0	0.0	0.0	0.0	0.0	0.0	1.0	0.0	0.5	0.16666666666666666
2.5	0.0	0.0	0.0	0.0	0.0	0.0	0.0	1.0	0.0	0.5	0.16666666666666666
3.5	0.0	0.0	0.0	0.0	0.0	0.0	0.0	1.0	0.0	0.5	0.16666666666666666
4.5	0.0	0.0	0.0	0.0	0.0	0.0	0.0	1.0	0.0	0.5	0.16666666666666666
5.5	0.08499999999999996	0.4500000000000002	0.26750000000000007	0.3000000000000016	0.01499999999999968	0.39999999999999947	0.2383333333333336	0.04999999999999982	0.0	0.02499999999999991	0.17694444444444454
6.5	0.0	0.0	0.0	0.01499999999999968	0.9850000000000003	0.0	0.3333333333333333	0.0	0.0	0.0	0.1111111111111111
7.5	0.16999999999999993	0.2999999999999998	0.23499999999999988	0.5349999999999993	0.0	0.0	0.1783333333333331	0.0	0.0	0.0	0.13777777777777767
8.5	0.0	0.5500000000000007	0.27500000000000036	0.049999999999998934	0.40000000000000036	0.0	0.14999999999999977	0.0	0.0	0.0	0.14166666666666672
9.5	0.0	0.0	0.0	0.15000000000000036	0.5999999999999996	0.1999999999999993	0.31666666666666643	0.0	0.0	0.0	0.10555555555555547
10.5	0.0	0.75	0.375	0.05000000000000071	0.0	0.0	0.016666666666666902	0.0	0.0	0.0	0.13055555555555562
11.5	0.0	0.15000000000000036	0.07500000000000018	0.049999999999998934	0.8000000000000007	0.0	0.2833333333333332	0.0	0.0	0.0	0.11944444444444446
12.5	0.0	0.25	0.125	0.20000000000000107	0.8999999999999986	0.0	0.36666666666666653	0.0	0.0	0.0	0.16388888888888883
13.5	0.0	0.7000000000000011	0.35000000000000053	0.049999999999998934	0.3000000000000007	0.0	0.11666666666666654	0.0	0.0	0.0	0.1555555555555557
14.5	0.0	0.15000000000000036	0.07500000000000018	0.049999999999998934	0.8000000000000007	0.0	0.2833333333333332	0.0	0.0	0.0	0.11944444444444446
15.5	0.0	0.6499999999999986	0.3249999999999993	0.05000000000000071	0.1999999999999993	0.0	0.08333333333333333	0.0	0.0	0.0	0.13611111111111088
16.5	0.0	0.5	0.25	0.05000000000000071	0.4499999999999993	0.0	0.16666666666666666	0.0	0.0	0.0	0.13888888888888887
17.5	0.0	0.14999999999999858	0.07499999999999929	0.14999999999999858	0.5500000000000007	0.0	0.2333333333333331	0.0	0.0	0.0	0.10277777777777745
18.5	0.0	0.75	0.375	0.10000000000000142	0.14999999999999858	0.0	0.08333333333333333	0.0	0.0	0.0	0.15277777777777776
19.5	0.0	0.0	0.0	0.14999999999999858	0.8500000000000014	0.0	0.3333333333333333	0.0	0.0	0.0	0.1111111111111111
20.5	0.0	0.0	0.0	0.0	0.0	0.0	0.0	0.0	0.0	0.0	0.0
21.5	0.0	0.04100000000000037	0.020500000000000185	0.29100000000000037	0.0	0.0	0.09700000000000013	0.14999999999999858	0.1999999999999993	0.17499999999999893	0.09749999999999975
22.5	0.0	0.40000000000000213	0.20000000000000107	0.25000000000000355	0.0	0.0	0.08333333333333452	0.14999999999999858	0.7999999999999972	0.47499999999999787	0.2527777777777778
23.5	0.16999999999999815	0.009000000000000341	0.08949999999999925	0.45000000000000284	0.0	0.3999999999999986	0.2833333333333338	0.14999999999999858	0.04100000000000037	0.09549999999999947	0.15611111111111084
24.5	0.09099999999999753	0.3000000000000007	0.19549999999999912	0.31500000000000483	0.0	0.5999999999999979	0.3050000000000009	0.0	0.15899999999999892	0.07949999999999946	0.19333333333333313
25.5	0.32000000000000384	0.0	0.16000000000000192	0.7439999999999998	0.0	0.22100000000000009	0.3216666666666666	0.0	0.0	0.0	0.16055555555555617
26.5	0.18400000000000105	0.0	0.09200000000000053	0.4210000000000029	0.0	0.5789999999999971	0.3333333333333333	0.0	0.0	0.0	0.14177777777777795
27.5	0.08500000000000085	0.3000000000000007	0.19250000000000078	0.3289999999999971	0.0	0.4360000000000035	0.25500000000000017	0.14999999999999858	0.1999999999999993	0.17499999999999893	0.20749999999999993
28.5	0.1700000000000017	0.0	0.08500000000000085	0.3499999999999943	0.0	0.5650000000000048	0.3049999999999997	0.0	0.0	0.0	0.1300000000000002
29.5	0.17100000000000293	0.0	0.08550000000000146	0.4009999999999998	0.0	0.5990000000000002	0.3333333333333333	0.0	0.0	0.0	0.1396111111111116
30.5	0.2539999999999978	0.0	0.1269999999999989	0.34900000000000375	0.0	0.565999999999999	0.3050000000000009	0.0	0.0	0.0	0.14399999999999993
31.5	0.1700000000000017	0.0	0.08500000000000085	0.5310000000000024	0.0	0.4339999999999975	0.3216666666666666	0.0	0.0	0.0	0.13555555555555582
32.5	0.08500000000000085	0.0	0.042500000000000426	0.26899999999999835	0.7310000000000016	0.0	0.3333333333333333	0.0	0.0	0.0	0.1252777777777779
33.5	0.08500000000000085	0.0	0.042500000000000426	0.38100000000000733	0.26899999999999835	0.3999999999999915	0.34999999999999903	0.0	0.0	0.0	0.13083333333333316
34.5	0.25500000000000256	0.0	0.12750000000000128	0.44999999999999574	0.0	0.6000000000000014	0.34999999999999903	0.0	0.0	0.0	0.15916666666666676
35.5	0.08500000000000085	0.29999999999999716	0.192499999999999	0.365000000000002	0.0	0.3999999999999986	0.25500000000000017	0.14999999999999858	0.20000000000000284	0.1750000000000007	0.20749999999999993
36.5	0.1810000000000045	0.0	0.09050000000000225	0.5649999999999906	0.0	0.4000000000000057	0.32166666666666544	0.0	0.0	0.0	0.13738888888888923
37.5	0.07399999999999807	0.0	0.036999999999999034	0.18900000000000006	0.8109999999999999	0.0	0.3333333333333333	0.0	0.0	0.0	0.12344444444444412
38.5	0.1460000000000008	0.0	0.0730000000000004	0.4609999999999985	0.18900000000000006	0.41100000000000136	0.35366666666666663	0.0	0.0	0.0	0.14222222222222233
39.5	0.1939999999999955	0.0	0.09699999999999775	0.43899999999999295	0.0	0.5890000000000057	0.34266666666666623	0.011000000000002785	0.0	0.005500000000001393	0.14838888888888846
40.5	0.08500000000000085	0.29999999999999716	0.192499999999999	0.29999999999999005	0.0	0.4760000000000062	0.25866666666666543	0.1390000000000029	0.20000000000000284	0.16950000000000287	0.20688888888888912
41.5	0.24600000000000222	0.0	0.12300000000000111	0.4000000000000057	0.0	0.5239999999999938	0.30799999999999983	0.0	0.0	0.0	0.14366666666666697
42.5	0.134999999999998	0.0	0.067499999999999	0.3499999999999943	0.0	0.6000000000000085	0.3166666666666676	0.0	0.0	0.0	0.12805555555555553
43.5	0.12899999999999778	0.0	0.06449999999999889	0.35600000000001586	0.0	0.5999999999999872	0.3186666666666677	0.0	0.0	0.0	0.1277222222222222
44.5	0.27600000000000335	0.0	0.13800000000000168	0.7650000000000006	0.0	0.20000000000000284	0.3216666666666678	0.0	0.0	0.0	0.15322222222222318
45.5	0.1490000000000009	0.0	0.07450000000000045	0.3790000000000049	0.0	0.47099999999999653	0.2833333333333338	0.14999999999999858	0.12100000000000222	0.1355000000000004	0.1644444444444449
46.5	0.1700000000000017	0.29999999999999716	0.23499999999999943	0.3499999999999943	0.0	0.5650000000000048	0.3049999999999997	0.0	0.07900000000000063	0.03950000000000031	0.1931666666666665
47.5	0.25500000000000256	0.0	0.12750000000000128	0.6999999999999957	0.0	0.26500000000000057	0.32166666666666544	0.0	0.0	0.0	0.14972222222222223
48.5	0.0	0.0	0.0	0.05000000000000426	0.0	0.09899999999999665	0.04966666666666697	0.8509999999999991	0.0	0.42549999999999955	0.15838888888888883
49.5	0.1700000000000017	0.0	0.08500000000000085	0.3510000000000062	0.0	0.3999999999999915	0.2503333333333326	0.24900000000000233	0.0	0.12450000000000117	0.1532777777777782
50.5	0.08500000000000085	0.30000000000000426	0.19250000000000256	0.34900000000000375	0.0	0.4159999999999968	0.25500000000000017	0.14999999999999858	0.19999999999999574	0.17499999999999716	0.20749999999999993
51.5	0.18599999999999994	0.0	0.09299999999999997	0.4000000000000057	0.0	0.5839999999999961	0.32800000000000057	0.0	0.0	0.0	0.1403333333333335
52.5	0.15400000000000347	0.0	0.07700000000000173	0.33099999999999596	0.0	0.6000000000000014	0.31033333333333246	0.0	0.0	0.0	0.1291111111111114
53.5	0.1700000000000017	0.0	0.08500000000000085	0.31500000000000483	0.0	0.5999999999999943	0.3049999999999997	0.0	0.0	0.0	0.1300000000000002
54.5	0.1700000000000017	0.0	0.08500000000000085	0.3149999999999977	0.0	0.6000000000000014	0.3049999999999997	0.0	0.0	0.0	0.1300000000000002
55.5	0.25500000000000256	0.0	0.12750000000000128	0.7389999999999972	0.0	0.20000000000000284	0.313	0.026000000000003354	0.0	0.013000000000001677	0.15116666666666764
56.5	0.0	0.0	0.0	0.0	0.0	0.0	0.0	1.0	0.0	0.5	0.16666666666666666
57.5	0.1700000000000017	0.0	0.08500000000000085	0.3999999999999986	0.0	0.4000000000000057	0.2666666666666681	0.19999999999999574	0.0	0.09999999999999787	0.1505555555555556
58.5	0.08500000000000085	0.29999999999999716	0.192499999999999	0.29999999999999716	0.0	0.5910000000000011	0.29699999999999943	0.02400000000000091	0.20000000000000284	0.11200000000000188	0.20050000000000012
59.5	0.2610000000000028	0.0	0.1305000000000014	0.7559999999999931	0.0	0.20900000000000318	0.32166666666666544	0.0	0.0	0.0	0.15072222222222229
60.5	0.24900000000000233	0.0	0.12450000000000117	0.3999999999999986	0.0	0.6000000000000014	0.3333333333333333	0.0	0.0	0.0	0.1526111111111115
61.5	0.08500000000000085	0.29999999999999716	0.192499999999999	0.3650000000000091	0.0	0.3999999999999915	0.25500000000000017	0.14999999999999858	0.20000000000000284	0.1750000000000007	0.20749999999999993
62.5	0.1700000000000017	0.0	0.08500000000000085	0.3290000000000006	0.0	0.5859999999999985	0.3049999999999997	0.0	0.0	0.0	0.1300000000000002
63.5	0.1700000000000017	0.0	0.08500000000000085	0.5510000000000019	0.0	0.4140000000000015	0.3216666666666678	0.0	0.0	0.0	0.13555555555555623
64.5	0.08499999999999375	0.0	0.042499999999996874	0.19899999999999807	0.8010000000000019	0.0	0.3333333333333333	0.0	0.0	0.0	0.12527777777777674
65.5	0.1699999999999875	0.0	0.08499999999999375	0.3499999999999943	0.19899999999999807	0.4510000000000076	0.3333333333333333	0.0	0.0	0.0	0.13944444444444234
66.5	0.08499999999999375	0.29999999999999716	0.19249999999999545	0.3499999999999943	0.0	0.41500000000000625	0.25500000000000017	0.15000000000000568	0.20000000000000284	0.17500000000000426	0.20749999999999993
67.5	0.1010000000000133	0.0	0.05050000000000665	0.4660000000000082	0.0	0.5339999999999918	0.3333333333333333	0.0	0.0	0.0	0.12794444444444666
68.5	0.15400000000001057	0.0	0.07700000000000529	0.3340000000000032	0.6310000000000002	0.0	0.3216666666666678	0.0	0.0	0.0	0.13288888888889103
69.5	0.08500000000000796	0.0	0.04250000000000398	0.23100000000000875	0.3689999999999998	0.3999999999999915	0.3333333333333333	0.0	0.0	0.0	0.1252777777777791
70.5	0.0	0.0	0.0	0.019000000000005457	0.0	0.0	0.006333333333335152	0.9809999999999945	0.0	0.49049999999999727	0.1656111111111108
71.5	0.1700000000000017	0.0	0.08500000000000085	0.4000000000000057	0.0	0.3999999999999915	0.2666666666666657	0.20000000000000284	0.0	0.10000000000000142	0.150555555555556
72.5	0.08500000000000796	0.29999999999999716	0.19250000000000256	0.29999999999998295	0.0	0.5460000000000065	0.2819999999999965	0.06900000000000261	0.20000000000000284	0.13450000000000273	0.2030000000000006
73.5	0.2550000000000239	0.0	0.12750000000001194	0.6999999999999886	0.0	0.2540000000000049	0.31799999999999784	0.01099999999999568	0.0	0.00549999999999784	0.15033333333333587
74.5	0.0	0.0	0.0	0.0	0.0	0.0	0.0	1.0	0.0	0.5	0.16666666666666666
