ClockTime(s)_UtilizationValuesFrom:	Vision_Module	Audio_Module	Perceptual_SubNetwork	Production_Module	Declarative_Module	Imaginary_Module	Cognitive_SubNetwork	Motor_Module	Speech_Module	Motor_SubNetwork	Overall_Utilization
0.5	0.0	0.0	0.0	0.05	0.0	0.0	0.016666666666666666	0.95	0.0	0.475	0.1638888888888889
1.5	0.0	0.0	0.0	0.0	0.0	0.0	0.0	1.0	0.0	0.5	0.16666666666666666
2.5	0.0	0.0	0.0	0.0	0.0	0.0	0.0	1.0	0.0	0.5	0.16666666666666666
3.5	0.0	0.0	0.0	0.0	0.0	0.0	0.0	1.0	0.0	0.5	0.16666666666666666
4.5	0.0	0.0	0.0	0.0	0.0	0.0	0.0	1.0	0.0	0.5	0.16666666666666666
5.5	0.08499999999999996	0.4500000000000002	0.26750000000000007	0.3000000000000016	0.01499999999999968	0.39999999999999947	0.2383333333333336	0.04999999999999982	0.0	0.02499999999999991	0.17694444444444454
6.5	0.0	0.0	0.0	0.01499999999999968	0.9850000000000003	0.0	0.3333333333333333	0.0	0.0	0.0	0.1111111111111111
7.5	0.16999999999999993	0.2999999999999998	0.23499999999999988	0.5349999999999993	0.0	0.0	0.1783333333333331	0.0	0.0	0.0	0.13777777777777767
8.5	0.0	0.5500000000000007	0.27500000000000036	0.049999999999998934	0.40000000000000036	0.0	0.14999999999999977	0.0	0.0	0.0	0.14166666666666672
9.5	0.0	0.0	0.0	0.15000000000000036	0.5999999999999996	0.1999999999999993	0.31666666666666643	0.0	0.0	0.0	0.10555555555555547
10.5	0.0	0.75	0.375	0.05000000000000071	0.0	0.0	0.016666666666666902	0.0	0.0	0.0	0.13055555555555562
11.5	0.0	0.15000000000000036	0.07500000000000018	0.049999999999998934	0.8000000000000007	0.0	0.2833333333333332	0.0	0.0	0.0	0.11944444444444446
12.5	0.0	0.25	0.125	0.20000000000000107	0.8999999999999986	0.0	0.36666666666666653	0.0	0.0	0.0	0.16388888888888883
13.5	0.0	0.7000000000000011	0.35000000000000053	0.049999999999998934	0.3000000000000007	0.0	0.11666666666666654	0.0	0.0	0.0	0.1555555555555557
14.5	0.0	0.15000000000000036	0.07500000000000018	0.049999999999998934	0.8000000000000007	0.0	0.2833333333333332	0.0	0.0	0.0	0.11944444444444446
15.5	0.0	0.6499999999999986	0.3249999999999993	0.05000000000000071	0.1999999999999993	0.0	0.08333333333333333	0.0	0.0	0.0	0.13611111111111088
16.5	0.0	0.5	0.25	0.05000000000000071	0.4499999999999993	0.0	0.16666666666666666	0.0	0.0	0.0	0.13888888888888887
17.5	0.0	0.14999999999999858	0.07499999999999929	0.14999999999999858	0.5500000000000007	0.0	0.2333333333333331	0.0	0.0	0.0	0.10277777777777745
18.5	0.0	0.75	0.375	0.10000000000000142	0.14999999999999858	0.0	0.08333333333333333	0.0	0.0	0.0	0.15277777777777776
19.5	0.0	0.0	0.0	0.14999999999999858	0.8500000000000014	0.0	0.3333333333333333	0.0	0.0	0.0	0.1111111111111111
20.5	0.0	0.0	0.0	0.0	0.0	0.0	0.0	0.0	0.0	0.0	0.0
21.5	0.0	0.04100000000000037	0.020500000000000185	0.29100000000000037	0.0	0.0	0.09700000000000013	0.14999999999999858	0.1999999999999993	0.17499999999999893	0.09749999999999975
22.5	0.0	0.40000000000000213	0.20000000000000107	0.25000000000000355	0.0	0.0	0.08333333333333452	0.14999999999999858	0.7999999999999972	0.47499999999999787	0.2527777777777778
23.5	0.16999999999999815	0.009000000000000341	0.08949999999999925	0.45000000000000284	0.0	0.3999999999999986	0.2833333333333338	0.14999999999999858	0.04100000000000037	0.09549999999999947	0.15611111111111084
24.5	0.09099999999999753	0.3000000000000007	0.19549999999999912	0.31500000000000483	0.0	0.5999999999999979	0.3050000000000009	0.0	0.15899999999999892	0.07949999999999946	0.19333333333333313
25.5	0.32000000000000384	0.0	0.16000000000000192	0.7439999999999998	0.0	0.22100000000000009	0.3216666666666666	0.0	0.0	0.0	0.16055555555555617
26.5	0.18400000000000105	0.0	0.09200000000000053	0.4210000000000029	0.0	0.5789999999999971	0.3333333333333333	0.0	0.0	0.0	0.14177777777777795
27.5	0.08500000000000085	0.3000000000000007	0.19250000000000078	0.3289999999999971	0.0	0.4360000000000035	0.25500000000000017	0.14999999999999858	0.1999999999999993	0.17499999999999893	0.20749999999999993
28.5	0.22100000000000009	0.0	0.11050000000000004	0.6009999999999991	0.0	0.36400000000000077	0.3216666666666666	0.0	0.0	0.0	0.14405555555555555
29.5	0.03399999999999892	0.0	0.01699999999999946	0.1490000000000009	0.8509999999999991	0.0	0.3333333333333333	0.0	0.0	0.0	0.11677777777777759
30.5	0.1700000000000017	0.0	0.08500000000000085	0.5	0.1490000000000009	0.45099999999999696	0.366666666666666	0.0	0.0	0.0	0.1505555555555556
31.5	0.1700000000000017	0.0	0.08500000000000085	0.40000000000000213	0.0	0.5489999999999995	0.31633333333333385	0.05099999999999838	0.0	0.02549999999999919	0.14227777777777798
32.5	0.08500000000000085	0.30000000000000426	0.19250000000000256	0.29999999999999716	0.0	0.5160000000000053	0.27200000000000085	0.09899999999999665	0.19999999999999574	0.1494999999999962	0.20466666666666655
33.5	0.25500000000000256	0.0	0.12750000000000128	0.6810000000000045	0.0	0.2839999999999989	0.3216666666666678	0.0	0.0	0.0	0.14972222222222303
34.5	0.0	0.0	0.0	0.06900000000000261	0.9309999999999974	0.0	0.3333333333333333	0.0	0.0	0.0	0.1111111111111111
35.5	0.1700000000000017	0.0	0.08500000000000085	0.4999999999999929	0.06900000000000261	0.5310000000000059	0.36666666666666714	0.0	0.0	0.0	0.150555555555556
36.5	0.1700000000000017	0.0	0.08500000000000085	0.4000000000000057	0.0	0.4689999999999941	0.2896666666666666	0.13100000000000023	0.0	0.06550000000000011	0.1467222222222225
37.5	0.08500000000000085	0.30000000000000426	0.19250000000000256	0.30000000000000426	0.0	0.5959999999999965	0.2986666666666669	0.01899999999999835	0.19999999999999574	0.10949999999999704	0.20022222222222216
38.5	0.25500000000000256	0.0	0.12750000000000128	0.7610000000000099	0.0	0.20399999999999352	0.3216666666666678	0.0	0.0	0.0	0.14972222222222303
39.5	0.25500000000000256	0.0	0.12750000000000128	0.43899999999999295	0.0	0.561000000000007	0.3333333333333333	0.0	0.0	0.0	0.15361111111111153
40.5	0.08500000000000085	0.29999999999999716	0.192499999999999	0.3500000000000014	0.0	0.41499999999999915	0.25500000000000017	0.14999999999999858	0.20000000000000284	0.1750000000000007	0.20749999999999993
41.5	0.1700000000000017	0.0	0.08500000000000085	0.37599999999999767	0.0	0.6240000000000023	0.3333333333333333	0.0	0.0	0.0	0.13944444444444473
42.5	0.1700000000000017	0.0	0.08500000000000085	0.3240000000000052	0.0	0.590999999999994	0.3049999999999997	0.0	0.0	0.0	0.1300000000000002
43.5	0.1700000000000017	0.0	0.08500000000000085	0.3499999999999943	0.0	0.5650000000000048	0.3049999999999997	0.0	0.0	0.0	0.1300000000000002
44.5	0.25500000000000256	0.0	0.12750000000000128	0.7210000000000107	0.0	0.24399999999999267	0.3216666666666678	0.0	0.0	0.0	0.14972222222222303
45.5	0.0	0.0	0.0	0.029000000000003467	0.0	0.0	0.009666666666667822	0.9709999999999965	0.0	0.48549999999999827	0.16505555555555537
46.5	0.1700000000000017	0.0	0.08500000000000085	0.4000000000000057	0.0	0.3999999999999986	0.2666666666666681	0.19999999999999574	0.0	0.09999999999999787	0.1505555555555556
47.5	0.08500000000000085	0.29999999999999716	0.192499999999999	0.29999999999999716	0.0	0.5360000000000014	0.2786666666666662	0.07900000000000063	0.20000000000000284	0.13950000000000173	0.20355555555555563
48.5	0.25500000000000256	0.0	0.12750000000000128	0.7009999999999934	0.0	0.2640000000000029	0.32166666666666544	0.0	0.0	0.0	0.14972222222222223
49.5	0.08500000000000085	0.0	0.042500000000000426	0.19900000000000517	0.0	0.19999999999999574	0.1330000000000003	0.6009999999999991	0.0	0.30049999999999955	0.15866666666666676
50.5	0.13600000000000279	0.0	0.06800000000000139	0.30000000000000426	0.0	0.2009999999999934	0.16699999999999923	0.49900000000000233	0.0	0.24950000000000117	0.16150000000000062
51.5	0.11899999999999977	0.30000000000000426	0.20950000000000202	0.3500000000000014	0.0	0.41499999999999915	0.25500000000000017	0.14999999999999858	0.19999999999999574	0.17499999999999716	0.21316666666666642
52.5	0.08500000000000085	0.0	0.042500000000000426	0.416000000000011	0.0	0.583999999999989	0.3333333333333333	0.0	0.0	0.0	0.1252777777777779
53.5	0.3400000000000034	0.0	0.1700000000000017	0.6340000000000074	0.0	0.33099999999999596	0.3216666666666678	0.0	0.0	0.0	0.16388888888888983
54.5	0.08500000000000085	0.08100000000000307	0.08300000000000196	0.3810000000000002	0.0	0.4690000000000012	0.2833333333333338	0.14999999999999858	0.19999999999999574	0.17499999999999716	0.18044444444444432
55.5	0.1700000000000017	0.2190000000000012	0.19450000000000145	0.3189999999999955	0.0	0.5960000000000036	0.3049999999999997	0.0	0.0	0.0	0.1665000000000004
56.5	0.1700000000000017	0.0	0.08500000000000085	0.3500000000000014	0.0	0.5649999999999977	0.3049999999999997	0.0	0.0	0.0	0.1300000000000002
57.5	0.25499999999998835	0.0	0.12749999999999417	0.6999999999999957	0.026000000000003354	0.23900000000000432	0.3216666666666678	0.0	0.0	0.0	0.14972222222222067
58.5	0.0	0.0	0.0	0.026000000000003354	0.9739999999999966	0.0	0.3333333333333333	0.0	0.0	0.0	0.1111111111111111
59.5	0.1700000000000017	0.0	0.08500000000000085	0.4000000000000057	0.0	0.5999999999999943	0.3333333333333333	0.0	0.0	0.0	0.13944444444444473
60.5	0.08500000000000085	0.29999999999999716	0.192499999999999	0.3240000000000123	0.0	0.4409999999999883	0.25500000000000017	0.14999999999999858	0.20000000000000284	0.1750000000000007	0.20749999999999993
61.5	0.2259999999999991	0.0	0.11299999999999955	0.6059999999999945	0.0	0.35900000000000176	0.32166666666666544	0.0	0.0	0.0	0.14488888888888832
62.5	0.029000000000003467	0.0	0.014500000000001734	0.14399999999999835	0.8560000000000016	0.0	0.3333333333333333	0.0	0.0	0.0	0.11594444444444502
63.5	0.08500000000000085	0.0	0.042500000000000426	0.25	0.14399999999999835	0.3999999999999986	0.26466666666666566	0.20600000000000307	0.0	0.10300000000000153	0.13672222222222255
64.5	0.006000000000000227	0.0	0.0030000000000001137	0.10599999999999454	0.0	0.0	0.03533333333333152	0.8940000000000055	0.0	0.44700000000000273	0.1617777777777781
65.5	0.16400000000000148	0.0	0.08200000000000074	0.39400000000001967	0.0	0.45599999999998886	0.28333333333333616	0.14999999999999147	0.10599999999999454	0.127999999999993	0.1644444444444433
66.5	0.1559999999999917	0.30000000000001137	0.22800000000000153	0.35000000000002274	0.0	0.5649999999999835	0.3050000000000021	0.0	0.09399999999999409	0.046999999999997044	0.19333333333333358
67.5	0.1839999999999833	0.0	0.09199999999999164	0.5499999999999972	0.0	0.17900000000000205	0.24299999999999974	0.2360000000000042	0.0	0.1180000000000021	0.15099999999999783
