ClockTime(s)_UtilizationValuesFrom:	Vision_Module	Audio_Module	Perceptual_SubNetwork	Production_Module	Declarative_Module	Imaginary_Module	Cognitive_SubNetwork	Motor_Module	Speech_Module	Motor_SubNetwork	Overall_Utilization
0.5	0.16999999999999996	0.0	0.08499999999999998	0.34999999999999987	0.0	0.5650000000000002	0.305	0.0	0.0	0.0	0.12999999999999998
1.5	0.16999999999999993	0.0	0.08499999999999996	0.40000000000000013	0.0	0.5149999999999999	0.305	0.0	0.0	0.0	0.12999999999999998
2.5	0.1299999999999999	0.0	0.06499999999999995	0.3949999999999996	0.0	0.5200000000000005	0.305	0.0	0.0	0.0	0.12333333333333331
3.5	0.125	0.0	0.0625	0.3150000000000004	0.0	0.5999999999999996	0.305	0.0	0.0	0.0	0.1225
4.5	0.16999999999999993	0.0	0.08499999999999996	0.33999999999999986	0.0	0.5750000000000002	0.305	0.0	0.0	0.0	0.12999999999999998
5.5	0.16999999999999993	0.33999999999999986	0.2549999999999999	0.4499999999999993	0.0	0.5150000000000006	0.3216666666666666	0.0	0.0	0.0	0.19222222222222216
6.5	0.0	0.11000000000000032	0.05500000000000016	0.09999999999999964	0.5899999999999999	0.3100000000000005	0.3333333333333333	0.0	0.0	0.0	0.1294444444444445
7.5	0.0	0.13999999999999968	0.06999999999999984	0.14999999999999947	0.41000000000000014	0.20000000000000018	0.25333333333333324	0.0	0.0	0.0	0.1077777777777777
8.5	0.0	0.7099999999999991	0.35499999999999954	0.10000000000000142	0.1899999999999995	0.0	0.09666666666666697	0.0	0.0	0.0	0.1505555555555555
9.5	0.0	0.0	0.0	0.15000000000000036	0.8100000000000005	0.0	0.3200000000000003	0.0	0.0	0.0	0.10666666666666676
10.5	0.0	0.8399999999999999	0.41999999999999993	0.05000000000000071	0.0	0.0	0.016666666666666902	0.0	0.0	0.0	0.1455555555555556
11.5	0.0	0.0600000000000005	0.03000000000000025	0.049999999999998934	0.8900000000000006	0.0	0.3133333333333332	0.0	0.0	0.0	0.11444444444444447
12.5	0.0	0.3000000000000007	0.15000000000000036	0.20000000000000107	0.8999999999999986	0.0	0.36666666666666653	0.0	0.0	0.0	0.17222222222222228
13.5	0.0	0.7400000000000002	0.3700000000000001	0.049999999999998934	0.21000000000000085	0.0	0.0866666666666666	0.0	0.0	0.0	0.15222222222222223
14.5	0.0	0.3600000000000012	0.1800000000000006	0.049999999999998934	0.8900000000000006	0.0	0.3133333333333332	0.0	0.0	0.0	0.1644444444444446
15.5	0.0	0.8399999999999999	0.41999999999999993	0.05000000000000071	0.10999999999999943	0.0	0.05333333333333338	0.0	0.0	0.0	0.15777777777777777
16.5	0.0	0.15000000000000213	0.07500000000000107	0.04999999999999716	0.9400000000000013	0.0	0.32999999999999946	0.0	0.0	0.0	0.13500000000000018
17.5	0.0	0.759999999999998	0.379999999999999	0.20000000000000284	0.1999999999999993	0.0	0.13333333333333405	0.0	0.0	0.0	0.17111111111111102
18.5	0.0	0.0	0.0	0.14000000000000057	0.8599999999999994	0.0	0.3333333333333333	0.0	0.0	0.0	0.1111111111111111
19.5	0.0	0.0	0.0	0.010000000000001563	0.0	0.0	0.0033333333333338544	0.0	0.0	0.0	0.0011111111111112848
20.5	0.16999999999999815	0.0	0.08499999999999908	0.5710000000000015	0.0	0.0	0.19033333333333383	0.14999999999999858	0.0	0.07499999999999929	0.11677777777777738
21.5	0.0	0.3710000000000022	0.1855000000000011	0.20000000000000284	0.0	0.0	0.06666666666666761	0.0	0.7999999999999972	0.3999999999999986	0.21738888888888908
22.5	0.1700000000000017	0.07900000000000063	0.12450000000000117	0.45000000000000284	0.0	0.3999999999999986	0.2833333333333338	0.14999999999999858	0.1999999999999993	0.17499999999999893	0.194277777777778
23.5	0.08500000000000085	0.3000000000000007	0.19250000000000078	0.3289999999999971	0.0	0.4360000000000035	0.25500000000000017	0.14999999999999858	0.1999999999999993	0.17499999999999893	0.20749999999999993
24.5	0.1700000000000017	0.0	0.08500000000000085	0.3499999999999943	0.0	0.5650000000000048	0.3049999999999997	0.0	0.0	0.0	0.1300000000000002
25.5	0.18599999999999994	0.0	0.09299999999999997	0.565999999999999	0.0	0.3990000000000009	0.3216666666666666	0.0	0.0	0.0	0.1382222222222222
26.5	0.25499999999999545	0.0	0.12749999999999773	0.5999999999999979	0.0	0.40000000000000213	0.3333333333333333	0.0	0.0	0.0	0.15361111111111034
27.5	0.15399999999999991	0.26599999999999824	0.20999999999999908	0.3649999999999949	0.0	0.40000000000000213	0.254999999999999	0.15000000000000213	0.20000000000000284	0.1750000000000025	0.2133333333333335
28.5	0.08500000000000085	0.03399999999999892	0.059499999999999886	0.399999999999995	0.0	0.600000000000005	0.3333333333333333	0.0	0.0	0.0	0.1309444444444444
29.5	0.16999999999999815	0.0	0.08499999999999908	0.4190000000000005	0.5459999999999994	0.0	0.3216666666666666	0.0	0.0	0.0	0.13555555555555523
30.5	0.08500000000000085	0.0	0.042500000000000426	0.3000000000000007	0.4540000000000006	0.2959999999999994	0.35000000000000026	0.0	0.0	0.0	0.13083333333333355
31.5	0.25500000000000256	0.0	0.12750000000000128	0.5	0.0	0.5499999999999972	0.34999999999999903	0.0	0.0	0.0	0.15916666666666676
32.5	0.08500000000000085	0.29999999999999716	0.192499999999999	0.3499999999999872	0.0	0.41500000000000625	0.25499999999999784	0.15000000000000568	0.20000000000000284	0.17500000000000426	0.20750000000000038
33.5	0.09600000000000364	0.0	0.04800000000000182	0.4609999999999985	0.0	0.5390000000000015	0.3333333333333333	0.0	0.0	0.0	0.1271111111111117
34.5	0.15899999999999892	0.0	0.07949999999999946	0.33900000000000574	0.6259999999999977	0.0	0.3216666666666678	0.0	0.0	0.0	0.13372222222222244
35.5	0.08500000000000085	0.0	0.042500000000000426	0.29999999999999716	0.37400000000000233	0.3760000000000048	0.3500000000000014	0.0	0.0	0.0	0.13083333333333394
36.5	0.25500000000000256	0.0	0.12750000000000128	0.5	0.0	0.5499999999999972	0.34999999999999903	0.0	0.0	0.0	0.15916666666666676
37.5	0.08500000000000085	0.30000000000000426	0.19250000000000256	0.3500000000000014	0.0	0.41499999999999915	0.25500000000000017	0.14999999999999858	0.19999999999999574	0.17499999999999716	0.20749999999999993
38.5	0.1700000000000017	0.0	0.08500000000000085	0.5060000000000144	0.0	0.458999999999989	0.3216666666666678	0.0	0.0	0.0	0.13555555555555623
39.5	0.25500000000000256	0.0	0.12750000000000128	0.5999999999999943	0.0	0.4000000000000057	0.3333333333333333	0.0	0.0	0.0	0.15361111111111153
40.5	0.09100000000000108	0.1559999999999988	0.12349999999999994	0.4440000000000026	0.0	0.3999999999999986	0.2813333333333337	0.14999999999999858	0.20000000000000284	0.1750000000000007	0.1932777777777781
41.5	0.16400000000000148	0.14399999999999835	0.15399999999999991	0.32099999999999085	0.0	0.6000000000000085	0.3069999999999998	0.0	0.0	0.0	0.15366666666666656
42.5	0.25500000000000256	0.0	0.12750000000000128	0.679000000000002	0.0	0.19999999999999574	0.29299999999999926	0.08599999999999852	0.0	0.04299999999999926	0.15449999999999994
43.5	0.0	0.0	0.0	0.0	0.0	0.0	0.0	1.0	0.0	0.5	0.16666666666666666
44.5	0.1700000000000017	0.0	0.08500000000000085	0.43600000000000705	0.0	0.3999999999999915	0.2786666666666662	0.16400000000000148	0.0	0.08200000000000074	0.1485555555555559
45.5	0.08500000000000085	0.30000000000000426	0.19250000000000256	0.31500000000000483	0.0	0.5999999999999943	0.3049999999999997	0.0	0.19999999999999574	0.09999999999999787	0.19916666666666671
46.5	0.2710000000000008	0.0	0.1355000000000004	0.7649999999999935	0.0	0.20000000000000284	0.32166666666666544	0.0	0.0	0.0	0.1523888888888886
47.5	0.06900000000000261	0.0	0.03450000000000131	0.08399999999999608	0.0	0.20000000000000284	0.0946666666666663	0.7160000000000011	0.0	0.35800000000000054	0.1623888888888894
48.5	0.1699999999999946	0.0	0.0849999999999973	0.29999999999999716	0.0	0.3160000000000025	0.20533333333333323	0.38400000000000034	0.0	0.19200000000000017	0.1607777777777769
49.5	0.08500000000000085	0.29999999999999716	0.192499999999999	0.3499999999999872	0.0	0.41500000000000625	0.25499999999999784	0.15000000000000568	0.20000000000000284	0.17500000000000426	0.20750000000000038
50.5	0.16600000000000392	0.0	0.08300000000000196	0.5	0.0	0.4690000000000012	0.3230000000000004	0.0	0.0	0.0	0.1353333333333341
51.5	0.25900000000000034	0.0	0.12950000000000017	0.5959999999999965	0.0	0.4000000000000057	0.33200000000000074	0.0	0.0	0.0	0.15383333333333363
52.5	0.13100000000000023	0.19599999999999795	0.1634999999999991	0.40400000000000347	0.0	0.3999999999999986	0.2680000000000007	0.14999999999999858	0.20000000000000284	0.1750000000000007	0.20216666666666683
53.5	0.134999999999998	0.1039999999999992	0.11949999999999861	0.36099999999999	0.0	0.6000000000000085	0.32033333333333286	0.0	0.0	0.0	0.1466111111111105
54.5	0.24399999999999977	0.0	0.12199999999999989	0.4000000000000057	0.0	0.5999999999999943	0.3333333333333333	0.0	0.0	0.0	0.15177777777777773
55.5	0.1700000000000017	0.0	0.08500000000000085	0.3149999999999977	0.0	0.6000000000000014	0.3049999999999997	0.0	0.0	0.0	0.1300000000000002
56.5	0.1700000000000017	0.0	0.08500000000000085	0.5240000000000009	0.4410000000000025	0.0	0.3216666666666678	0.0	0.0	0.0	0.13555555555555623
57.5	0.08500000000000085	0.0	0.042500000000000426	0.20000000000000995	0.5589999999999975	0.24099999999999255	0.3333333333333333	0.0	0.0	0.0	0.1252777777777779
58.5	0.08500000000000085	0.0	0.042500000000000426	0.3500000000000014	0.0	0.5	0.2833333333333338	0.14999999999999858	0.1910000000000025	0.17050000000000054	0.16544444444444492
59.5	0.1700000000000017	0.29999999999999716	0.23499999999999943	0.3499999999999943	0.0	0.5650000000000048	0.3049999999999997	0.0	0.009000000000000341	0.0045000000000001705	0.18149999999999977
60.5	0.1699999999999946	0.0	0.0849999999999973	0.5999999999999943	0.2710000000000008	0.0940000000000012	0.32166666666666544	0.0	0.0	0.0	0.13555555555555424
61.5	0.0	0.0	0.0	0.07100000000000506	0.7289999999999992	0.19999999999999574	0.3333333333333333	0.0	0.0	0.0	0.1111111111111111
62.5	0.08500000000000085	0.0	0.042500000000000426	0.17899999999999494	0.0	0.20000000000000284	0.1263333333333326	0.6210000000000022	0.0	0.3105000000000011	0.15977777777777805
63.5	0.1559999999999988	0.0	0.0779999999999994	0.29999999999999716	0.0	0.22100000000000364	0.17366666666666694	0.4789999999999992	0.0	0.2394999999999996	0.163722222222222
64.5	0.09900000000000375	0.29999999999999716	0.19950000000000045	0.3499999999999801	0.0	0.41500000000000625	0.25499999999999545	0.15000000000000568	0.20000000000000284	0.17500000000000426	0.2098333333333334
65.5	0.1700000000000017	0.0	0.08500000000000085	0.3499999999999943	0.0	0.6500000000000057	0.3333333333333333	0.0	0.0	0.0	0.13944444444444473
66.5	0.25500000000000966	0.0	0.12750000000000483	0.40100000000001046	0.0	0.5139999999999958	0.3050000000000021	0.0	0.0	0.0	0.14416666666666897
67.5	0.08499999999999375	0.0	0.042499999999996874	0.4000000000000199	0.0	0.5999999999999801	0.3333333333333333	0.0	0.0	0.0	0.12527777777777674
68.5	0.1699999999999875	0.0	0.08499999999999375	0.34900000000000375	0.0	0.0	0.11633333333333458	0.0	0.0	0.0	0.06711111111110944
