ClockTime(s)_UtilizationValuesFrom:	Vision_Module	Audio_Module	Perceptual_SubNetwork	Production_Module	Declarative_Module	Imaginary_Module	Cognitive_SubNetwork	Motor_Module	Speech_Module	Motor_SubNetwork	Overall_Utilization
0.5	0.16999999999999996	0.0	0.08499999999999998	0.34999999999999987	0.0	0.5650000000000002	0.305	0.0	0.0	0.0	0.12999999999999998
1.5	0.16999999999999993	0.0	0.08499999999999996	0.40000000000000013	0.0	0.5149999999999999	0.305	0.0	0.0	0.0	0.12999999999999998
2.5	0.1299999999999999	0.0	0.06499999999999995	0.3949999999999996	0.0	0.5200000000000005	0.305	0.0	0.0	0.0	0.12333333333333331
3.5	0.125	0.009999999999999787	0.0674999999999999	0.3150000000000004	0.0	0.5999999999999996	0.305	0.0	0.0	0.0	0.12416666666666663
4.5	0.08499999999999996	0.4400000000000004	0.2625000000000002	0.23999999999999932	0.20999999999999996	0.40000000000000036	0.2833333333333332	0.0	0.0	0.0	0.18194444444444446
5.5	0.0	0.0	0.0	0.04999999999999982	0.79	0.16000000000000014	0.3333333333333333	0.0	0.0	0.0	0.1111111111111111
6.5	0.0	0.71	0.355	0.14999999999999947	0.0	0.040000000000000036	0.06333333333333317	0.0	0.0	0.0	0.1394444444444444
7.5	0.0	0.13999999999999968	0.06999999999999984	0.05000000000000071	0.8099999999999996	0.0	0.2866666666666668	0.0	0.0	0.0	0.11888888888888888
8.5	0.0	0.4599999999999991	0.22999999999999954	0.20000000000000107	0.1899999999999995	0.0	0.1300000000000002	0.0	0.0	0.0	0.11999999999999993
9.5	0.0	0.4399999999999995	0.21999999999999975	0.05000000000000071	0.5099999999999998	0.0	0.18666666666666684	0.0	0.0	0.0	0.13555555555555554
10.5	0.0	0.2599999999999998	0.1299999999999999	0.1999999999999993	0.9000000000000004	0.0	0.36666666666666653	0.0	0.0	0.0	0.16555555555555548
11.5	0.0	0.3999999999999986	0.1999999999999993	0.05000000000000071	0.5899999999999999	0.0	0.2133333333333335	0.0	0.0	0.0	0.13777777777777758
12.5	0.0	0.4499999999999993	0.22499999999999964	0.05000000000000071	0.5099999999999998	0.0	0.18666666666666684	0.0	0.0	0.0	0.13722222222222216
13.5	0.0	0.75	0.375	0.049999999999998934	0.4900000000000002	0.0	0.17999999999999972	0.0	0.0	0.0	0.18499999999999991
14.5	0.0	0.39000000000000057	0.19500000000000028	0.049999999999998934	0.5600000000000005	0.0	0.20333333333333314	0.0	0.0	0.0	0.1327777777777778
15.5	0.0	0.7099999999999991	0.35499999999999954	0.15000000000000036	0.4399999999999995	0.0	0.19666666666666663	0.0	0.0	0.0	0.18388888888888874
16.5	0.0	0.19000000000000128	0.09500000000000064	0.04999999999999716	0.7600000000000016	0.0	0.2699999999999996	0.0	0.0	0.0	0.12166666666666674
17.5	0.0	0.0	0.0	0.15000000000000213	0.23999999999999844	0.0	0.1300000000000002	0.0	0.0	0.0	0.0433333333333334
18.5	0.0	0.0	0.0	0.0	0.0	0.0	0.0	0.0	0.0	0.0	0.0
19.5	0.0	0.4499999999999993	0.22499999999999964	0.10000000000000142	0.23000000000000043	0.0	0.11000000000000061	0.0	0.0	0.0	0.11166666666666675
20.5	0.0	0.0	0.0	0.0	0.7699999999999996	0.0	0.25666666666666654	0.0	0.0	0.0	0.08555555555555551
21.5	0.0	0.4800000000000004	0.2400000000000002	0.05000000000000071	0.0	0.0	0.016666666666666902	0.0	0.0	0.0	0.0855555555555557
22.5	0.0	0.370000000000001	0.1850000000000005	0.05000000000000071	0.5799999999999983	0.0	0.20999999999999966	0.0	0.0	0.0	0.1316666666666667
23.5	0.0	0.28000000000000114	0.14000000000000057	0.14999999999999858	0.4200000000000017	0.0	0.19000000000000009	0.0	0.0	0.0	0.11000000000000021
24.5	0.0	0.620000000000001	0.3100000000000005	0.09999999999999787	0.28000000000000114	0.0	0.12666666666666634	0.0	0.0	0.0	0.14555555555555563
25.5	0.0	0.030000000000001137	0.015000000000000568	0.20000000000000284	0.8999999999999986	0.0	0.36666666666666714	0.0	0.0	0.0	0.12722222222222257
26.5	0.0	0.3999999999999986	0.1999999999999993	0.05000000000000071	0.8200000000000003	0.0	0.2900000000000003	0.0	0.0	0.0	0.1633333333333332
27.5	0.0	0.6700000000000017	0.33500000000000085	0.04999999999999716	0.28000000000000114	0.0	0.10999999999999943	0.0	0.0	0.0	0.14833333333333343
28.5	0.0	0.5300000000000011	0.26500000000000057	0.05000000000000071	0.7199999999999989	0.0	0.25666666666666654	0.0	0.0	0.0	0.17388888888888906
29.5	0.0	0.620000000000001	0.3100000000000005	0.05000000000000071	0.3299999999999983	0.0	0.12666666666666634	0.0	0.0	0.0	0.14555555555555563
30.5	0.0	0.4800000000000004	0.2400000000000002	0.14999999999999858	0.6700000000000017	0.0	0.27333333333333343	0.0	0.0	0.0	0.1711111111111112
31.5	0.0	0.4200000000000017	0.21000000000000085	0.04999999999999716	0.5300000000000011	0.0	0.19333333333333277	0.0	0.0	0.0	0.13444444444444456
32.5	0.0	0.0	0.0	0.14999999999999858	0.46999999999999886	0.0	0.2066666666666658	0.0	0.0	0.0	0.0688888888888886
33.5	0.0	0.0	0.0	0.0	0.0	0.0	0.0	0.0	0.0	0.0	0.0
34.5	0.08500000000000085	0.0	0.042500000000000426	0.25200000000000244	0.0	0.0	0.08400000000000081	0.0	0.0	0.0	0.042166666666667074
35.5	0.1700000000000017	0.15200000000000102	0.16100000000000136	0.5480000000000089	0.0	0.0	0.18266666666666964	0.14999999999999858	0.3019999999999925	0.22599999999999554	0.18988888888888886
36.5	0.0519999999999996	0.29800000000001603	0.17500000000000782	0.3500000000000085	0.0	0.0020000000000024443	0.117333333333337	0.14999999999999858	0.6979999999999862	0.4239999999999924	0.2387777777777791
37.5	0.1180000000000021	0.0	0.05900000000000105	0.3500000000000014	0.0	0.5	0.2833333333333338	0.14999999999999858	0.15200000000000102	0.1509999999999998	0.1644444444444449
38.5	0.1700000000000017	0.29999999999999716	0.23499999999999943	0.3499999999999943	0.0	0.5650000000000048	0.3049999999999997	0.0	0.04800000000000182	0.02400000000000091	0.18800000000000003
39.5	0.28699999999999903	0.0	0.14349999999999952	0.8319999999999936	0.0	0.13300000000000267	0.32166666666666544	0.0	0.0	0.0	0.15505555555555497
40.5	0.22299999999999898	0.0	0.11149999999999949	0.41799999999999926	0.0	0.5820000000000007	0.3333333333333333	0.0	0.0	0.0	0.1482777777777776
41.5	0.08500000000000085	0.29999999999999716	0.192499999999999	0.3500000000000014	0.0	0.41499999999999915	0.25500000000000017	0.14999999999999858	0.20000000000000284	0.1750000000000007	0.20749999999999993
42.5	0.1700000000000017	0.0	0.08500000000000085	0.5619999999999905	0.0	0.4030000000000058	0.32166666666666544	0.0	0.0	0.0	0.13555555555555543
43.5	0.3400000000000034	0.0	0.1700000000000017	0.6379999999999981	0.0	0.3620000000000019	0.3333333333333333	0.0	0.0	0.0	0.16777777777777833
44.5	0.08500000000000085	0.0	0.042500000000000426	0.20000000000000284	0.0	0.23799999999999955	0.1460000000000008	0.911999999999999	0.0	0.4559999999999995	0.21483333333333357
45.5	0.0	0.0	0.0	0.04999999999999716	0.0	0.0	0.01666666666666572	0.9500000000000028	0.0	0.4750000000000014	0.16388888888888906
46.5	0.1700000000000017	0.0	0.08500000000000085	0.29999999999999716	0.0	0.3620000000000019	0.22066666666666634	0.33800000000000097	0.0	0.16900000000000048	0.15822222222222257
47.5	0.08500000000000085	0.30000000000000426	0.19250000000000256	0.3500000000000014	0.0	0.41499999999999915	0.25500000000000017	0.14999999999999858	0.19999999999999574	0.17499999999999716	0.20749999999999993
48.5	0.1700000000000017	0.0	0.08500000000000085	0.5420000000000016	0.0	0.4230000000000018	0.3216666666666678	0.0	0.0	0.0	0.13555555555555623
49.5	0.3400000000000034	0.0	0.1700000000000017	0.6580000000000013	0.0	0.34199999999999875	0.3333333333333333	0.0	0.0	0.0	0.16777777777777833
50.5	0.08500000000000085	0.0	0.042500000000000426	0.20000000000000284	0.0	0.25799999999999557	0.15266666666666615	0.892000000000003	0.0	0.4460000000000015	0.2137222222222227
51.5	0.0	0.0	0.0	0.05000000000000426	0.0	0.0	0.01666666666666809	0.9499999999999957	0.0	0.47499999999999787	0.16388888888888867
52.5	0.1700000000000017	0.0	0.08500000000000085	0.30000000000000426	0.0	0.34199999999999875	0.214000000000001	0.357999999999997	0.0	0.1789999999999985	0.15933333333333344
53.5	0.08500000000000085	0.29999999999999716	0.192499999999999	0.3500000000000085	0.0	0.41499999999999204	0.25500000000000017	0.14999999999999858	0.20000000000000284	0.1750000000000007	0.20749999999999993
54.5	0.1700000000000017	0.0	0.08500000000000085	0.5219999999999985	0.0	0.44299999999999784	0.32166666666666544	0.0	0.0	0.0	0.13555555555555543
55.5	0.3399999999999963	0.0	0.16999999999999815	0.7279999999999944	0.0	0.27200000000000557	0.3333333333333333	0.0	0.0	0.0	0.16777777777777714
56.5	0.08500000000000085	0.021999999999998465	0.05349999999999966	0.3500000000000014	0.0	0.5	0.2833333333333338	0.14999999999999858	0.20000000000000284	0.1750000000000007	0.1706111111111114
57.5	0.1700000000000017	0.2779999999999987	0.2240000000000002	0.3499999999999943	0.0	0.5650000000000048	0.3049999999999997	0.0	0.0	0.0	0.17633333333333331
58.5	0.30700000000000216	0.0	0.15350000000000108	0.8999999999999915	0.0	0.06500000000000483	0.32166666666666544	0.0	0.0	0.0	0.15838888888888883
59.5	0.03300000000000125	0.0	0.016500000000000625	0.04999999999999716	0.0	0.1980000000000004	0.08266666666666585	0.7520000000000024	0.0	0.3760000000000012	0.15838888888888922
60.5	0.1700000000000017	0.0	0.08500000000000085	0.29999999999999716	0.0	0.35200000000000387	0.21733333333333368	0.347999999999999	0.0	0.1739999999999995	0.15877777777777802
61.5	0.08500000000000085	0.29999999999999716	0.192499999999999	0.3500000000000014	0.0	0.41499999999999915	0.25500000000000017	0.14999999999999858	0.20000000000000284	0.1750000000000007	0.20749999999999993
62.5	0.1700000000000017	0.0	0.08500000000000085	0.5319999999999894	0.0	0.43300000000000693	0.32166666666666544	0.0	0.0	0.0	0.13555555555555543
63.5	0.25499999999999545	0.0	0.12749999999999773	0.617999999999995	0.0	0.20000000000000284	0.27266666666666595	0.18200000000000216	0.0	0.09100000000000108	0.16372222222222158
64.5	0.0	0.0	0.0	0.08199999999999363	0.0	0.0	0.02733333333333121	0.9180000000000064	0.0	0.4590000000000032	0.16211111111111146
65.5	0.1700000000000017	0.0	0.08500000000000085	0.4180000000000206	0.0	0.43199999999998795	0.28333333333333616	0.14999999999999147	0.08199999999999363	0.11599999999999255	0.1614444444444432
66.5	0.1319999999999908	0.30000000000001137	0.21600000000000108	0.3470000000000226	0.0	0.5679999999999836	0.3050000000000021	0.0	0.117999999999995	0.0589999999999975	0.19333333333333358
67.5	0.29299999999999216	0.0	0.14649999999999608	0.6530000000000058	0.0	0.3119999999999976	0.3216666666666678	0.0	0.0	0.0	0.15605555555555464
68.5	0.1700000000000017	0.0	0.08500000000000085	0.45000000000001705	0.0	0.48799999999998533	0.3126666666666675	0.06199999999999761	0.0	0.030999999999998806	0.14288888888888904
69.5	0.08499999999999375	0.30000000000001137	0.19250000000000256	0.3000000000000256	0.0	0.5269999999999868	0.2756666666666708	0.08799999999999386	0.19999999999998863	0.14399999999999125	0.20405555555555485
70.5	0.25499999999998124	0.0	0.12749999999999062	0.6920000000000073	0.0	0.27299999999999613	0.3216666666666678	0.0	0.0	0.0	0.14972222222221948
71.5	0.08499999999999375	0.0	0.042499999999996874	0.15800000000000125	0.8419999999999987	0.0	0.3333333333333333	0.0	0.0	0.0	0.12527777777777674
72.5	0.1700000000000017	0.0	0.08500000000000085	0.3500000000000085	0.15800000000000125	0.4919999999999902	0.3333333333333333	0.0	0.0	0.0	0.13944444444444473
73.5	0.08500000000000796	0.29999999999999716	0.19250000000000256	0.3499999999999801	0.0	0.41500000000000625	0.25499999999999545	0.15000000000000568	0.20000000000000284	0.17500000000000426	0.20750000000000077
74.5	0.14200000000001012	0.0	0.07100000000000506	0.4999999999999858	0.0	0.4930000000000092	0.33099999999999835	0.0	0.0	0.0	0.13400000000000115
75.5	0.1979999999999933	0.0	0.09899999999999665	0.44999999999998863	0.5220000000000056	0.0	0.32399999999999807	0.0	0.0	0.0	0.14099999999999824
76.5	0.08499999999999375	0.0	0.042499999999996874	0.20000000000001705	0.47799999999999443	0.3219999999999885	0.3333333333333333	0.0	0.0	0.0	0.12527777777777674
77.5	0.0	0.0	0.0	0.04999999999999716	0.0	0.07800000000000296	0.04266666666666671	0.8719999999999999	0.0	0.43599999999999994	0.15955555555555553
78.5	0.1700000000000017	0.0	0.08500000000000085	0.3719999999999999	0.0	0.4000000000000057	0.2573333333333352	0.22799999999999443	0.0	0.11399999999999721	0.15211111111111109
79.5	0.08499999999999375	0.29999999999999716	0.19249999999999545	0.32800000000001717	0.0	0.4369999999999976	0.25500000000000494	0.14999999999999147	0.20000000000000284	0.17499999999999716	0.2074999999999992
80.5	0.2219999999999942	0.0	0.1109999999999971	0.6020000000000039	0.0	0.36299999999999955	0.3216666666666678	0.0	0.0	0.0	0.14422222222222164
81.5	0.03300000000000125	0.0	0.016500000000000625	0.04800000000000182	0.0	0.0	0.016000000000000607	0.0	0.0	0.0	0.010833333333333745
82.5	0.0	0.0	0.0	0.0	0.0	0.0	0.0	0.0	0.0	0.0	0.0
