ClockTime(s)_UtilizationValuesFrom:	Vision_Module	Audio_Module	Perceptual_SubNetwork	Production_Module	Declarative_Module	Imaginary_Module	Cognitive_SubNetwork	Motor_Module	Speech_Module	Motor_SubNetwork	Overall_Utilization
0.5	0.0	0.0	0.0	0.05	0.0	0.0	0.016666666666666666	0.95	0.0	0.475	0.1638888888888889
1.5	0.0	0.0	0.0	0.0	0.0	0.0	0.0	1.0	0.0	0.5	0.16666666666666666
2.5	0.0	0.0	0.0	0.0	0.0	0.0	0.0	1.0	0.0	0.5	0.16666666666666666
3.5	0.0	0.0	0.0	0.0	0.0	0.0	0.0	1.0	0.0	0.5	0.16666666666666666
4.5	0.0	0.0	0.0	0.0	0.0	0.0	0.0	1.0	0.0	0.5	0.16666666666666666
5.5	0.08499999999999996	0.4500000000000002	0.26750000000000007	0.3000000000000016	0.01499999999999968	0.39999999999999947	0.2383333333333336	0.04999999999999982	0.0	0.02499999999999991	0.17694444444444454
6.5	0.0	0.0	0.0	0.01499999999999968	0.9850000000000003	0.0	0.3333333333333333	0.0	0.0	0.0	0.1111111111111111
7.5	0.08499999999999996	0.2999999999999998	0.1924999999999999	0.3849999999999989	0.0	0.6000000000000005	0.32833333333333314	0.0	0.0	0.0	0.17361111111111102
8.5	0.0	0.7000000000000011	0.35000000000000053	0.09999999999999787	0.0	0.20000000000000107	0.09999999999999964	0.0	0.0	0.0	0.15000000000000005
9.5	0.0	0.5	0.25	0.15000000000000036	0.0	0.34999999999999964	0.16666666666666666	0.0	0.0	0.0	0.13888888888888887
10.5	0.08499999999999908	0.6500000000000004	0.3674999999999997	0.3999999999999986	0.0	0.2500000000000018	0.21666666666666679	0.0	0.0	0.0	0.19472222222222216
11.5	0.16999999999999815	0.25	0.20999999999999908	0.5150000000000006	0.0	0.1999999999999993	0.23833333333333329	0.0	0.0	0.0	0.14944444444444413
12.5	0.254999999999999	0.25	0.2524999999999995	0.5999999999999996	0.0	0.40000000000000036	0.3333333333333333	0.0	0.0	0.0	0.19527777777777758
13.5	0.08499999999999908	0.6150000000000002	0.34999999999999964	0.2350000000000012	0.0	0.1999999999999993	0.14500000000000016	0.15000000000000036	0.0	0.07500000000000018	0.18999999999999997
14.5	0.10000000000000142	0.23499999999999943	0.16750000000000043	0.365000000000002	0.0	0.3999999999999986	0.25500000000000017	0.0	0.0	0.0	0.14083333333333353
15.5	0.15500000000000114	0.5649999999999995	0.3600000000000003	0.365000000000002	0.0	0.3999999999999986	0.25500000000000017	0.14999999999999858	0.1999999999999993	0.17499999999999893	0.26333333333333314
16.5	0.16499999999999915	0.03500000000000014	0.09999999999999964	0.32000000000000384	0.0	0.5999999999999979	0.30666666666666725	0.0	0.0	0.0	0.13555555555555562
17.5	0.08999999999999986	0.14999999999999858	0.11999999999999922	0.3950000000000031	0.0	0.5999999999999979	0.331666666666667	0.0	0.0	0.0	0.15055555555555541
18.5	0.08500000000000085	0.75	0.4175000000000004	0.254999999999999	0.0	0.14499999999999957	0.13333333333333286	0.0	0.0	0.0	0.18361111111111109
19.5	0.3400000000000034	0.0	0.1700000000000017	0.7100000000000009	0.0	0.254999999999999	0.3216666666666666	0.0	0.0	0.0	0.16388888888888944
20.5	0.1700000000000017	0.0	0.08500000000000085	0.33999999999999986	0.0	0.3999999999999986	0.24666666666666615	0.6099999999999994	0.0	0.3049999999999997	0.21222222222222223
21.5	0.0	0.0	0.0	0.05000000000000071	0.0	0.0	0.016666666666666902	0.9499999999999993	0.0	0.47499999999999964	0.16388888888888883
22.5	0.08500000000000085	0.0	0.042500000000000426	0.16000000000000014	0.0	0.1999999999999993	0.11999999999999982	0.6400000000000006	0.0	0.3200000000000003	0.16083333333333352
23.5	0.09500000000000242	0.16000000000000014	0.12750000000000128	0.4400000000000013	0.0	0.3999999999999986	0.27999999999999997	0.14999999999999858	0.1999999999999993	0.17499999999999893	0.19416666666666674
24.5	0.16000000000000014	0.14000000000000057	0.15000000000000036	0.32500000000000284	0.0	0.5999999999999979	0.30833333333333357	0.0	0.0	0.0	0.15277777777777798
25.5	0.3400000000000034	0.29999999999999716	0.3200000000000003	0.7650000000000006	0.0	0.1999999999999993	0.3216666666666666	0.0	0.0	0.0	0.21388888888888893
26.5	0.1700000000000017	0.23999999999999844	0.20500000000000007	0.360000000000003	0.0	0.3999999999999986	0.25333333333333385	0.6400000000000006	0.0	0.3200000000000003	0.25944444444444476
27.5	0.0	1.0	0.5	0.0	0.0	0.0	0.0	0.46000000000000085	0.0	0.23000000000000043	0.24333333333333348
28.5	0.0	1.0	0.5	0.0	0.0	0.0	0.0	0.0	0.0	0.0	0.16666666666666666
29.5	0.0	1.0	0.5	0.0	0.0	0.0	0.0	0.0	0.0	0.0	0.16666666666666666
30.5	0.0	1.0	0.5	0.0	0.0	0.0	0.0	0.0	0.0	0.0	0.16666666666666666
31.5	0.0	1.0	0.5	0.0	0.0	0.0	0.0	0.0	0.0	0.0	0.16666666666666666
32.5	0.0	1.0	0.5	0.0	0.0	0.0	0.0	0.0	0.0	0.0	0.16666666666666666
33.5	0.08500000000000085	0.3100000000000023	0.19750000000000156	0.28999999999999204	0.0	0.4000000000000057	0.22999999999999923	0.0	0.0	0.0	0.14250000000000027
34.5	0.0	0.0	0.0	0.00999999999999801	0.0	0.0	0.00333333333333267	0.990000000000002	0.0	0.495000000000001	0.16611111111111124
35.5	0.1700000000000017	0.0	0.08500000000000085	0.3999999999999915	0.0	0.4000000000000057	0.2666666666666657	0.20000000000000284	0.0	0.10000000000000142	0.150555555555556
36.5	0.08500000000000085	0.3999999999999986	0.24249999999999972	0.2499999999999929	0.0	0.20000000000000284	0.14999999999999858	0.060000000000002274	0.20000000000000284	0.13000000000000256	0.17416666666666694
37.5	0.08500000000000085	0.0	0.042500000000000426	0.2050000000000054	0.0	0.19999999999999574	0.13500000000000037	0.0	0.0	0.0	0.05916666666666693
38.5	0.14000000000000057	0.0	0.07000000000000028	0.39500000000001023	0.0	0.6049999999999898	0.3333333333333333	0.0	0.0	0.0	0.13444444444444453
39.5	0.13500000000000512	0.0	0.06750000000000256	0.3199999999999932	0.0	0.595000000000006	0.3049999999999997	0.0	0.0	0.0	0.12416666666666742
40.5	0.3200000000000003	0.0	0.16000000000000014	0.7650000000000077	0.0	0.19999999999999574	0.3216666666666678	0.0	0.0	0.0	0.16055555555555598
41.5	0.1700000000000017	0.0	0.08500000000000085	0.45000000000000995	0.0	0.3999999999999915	0.2833333333333338	0.14999999999999858	0.03499999999999659	0.09249999999999758	0.15361111111111075
42.5	0.08500000000000085	0.30000000000000426	0.19250000000000256	0.31500000000000483	0.0	0.5999999999999943	0.3049999999999997	0.0	0.16499999999999915	0.08249999999999957	0.19333333333333394
43.5	0.3400000000000034	0.0	0.1700000000000017	0.7649999999999935	0.0	0.20000000000000284	0.32166666666666544	0.0	0.0	0.0	0.16388888888888906
44.5	0.08500000000000085	0.0	0.042500000000000426	0.23500000000000654	0.0	0.19999999999999574	0.14500000000000077	0.5649999999999977	0.0	0.28249999999999886	0.1566666666666667
45.5	0.10000000000000142	0.0	0.05000000000000071	0.2650000000000077	0.0	0.19999999999999574	0.15500000000000114	0.5349999999999966	0.0	0.2674999999999983	0.15750000000000006
46.5	0.15500000000000114	0.365000000000002	0.26000000000000156	0.3850000000000051	0.0	0.3999999999999986	0.2616666666666679	0.14999999999999858	0.20000000000000284	0.1750000000000007	0.23222222222222336
47.5	0.0	0.03499999999999659	0.017499999999998295	0.0	0.0	0.0	0.0	0.0	0.0	0.0	0.005833333333332765
48.5	0.08500000000000085	0.0	0.042500000000000426	0.28000000000000114	0.0	0.3999999999999986	0.22666666666666657	0.0	0.0	0.0	0.08972222222222233
49.5	0.1700000000000017	0.0	0.08500000000000085	0.5649999999999977	0.0	0.3999999999999986	0.32166666666666544	0.0	0.0	0.0	0.13555555555555543
50.5	0.25500000000000256	0.0	0.12750000000000128	0.5549999999999997	0.0	0.20000000000000284	0.25166666666666754	0.24499999999999744	0.0	0.12249999999999872	0.16722222222222252
51.5	0.045000000000001705	0.0	0.022500000000000853	0.14500000000000313	0.0	0.0	0.04833333333333437	0.8549999999999969	0.0	0.42749999999999844	0.1661111111111112
52.5	0.125	0.0	0.0625	0.355000000000004	0.0	0.49499999999999744	0.2833333333333338	0.14999999999999858	0.14500000000000313	0.14750000000000085	0.1644444444444449
53.5	0.1700000000000017	0.29999999999999716	0.23499999999999943	0.3500000000000085	0.0	0.5649999999999906	0.3049999999999997	0.0	0.054999999999999716	0.027499999999999858	0.18916666666666634
54.5	0.25499999999999545	0.0	0.12749999999999773	0.6499999999999986	0.0	0.3149999999999977	0.32166666666666544	0.0	0.0	0.0	0.14972222222222106
55.5	0.1700000000000017	0.0	0.08500000000000085	0.45000000000000995	0.0	0.42499999999999005	0.2916666666666667	0.125	0.0	0.0625	0.14638888888888918
56.5	0.08500000000000085	0.30000000000000426	0.19250000000000256	0.30000000000000426	0.0	0.5899999999999963	0.29666666666666686	0.02499999999999858	0.19999999999999574	0.11249999999999716	0.20055555555555551
57.5	0.1700000000000017	0.0	0.08500000000000085	0.3499999999999943	0.0	0.5650000000000048	0.3049999999999997	0.0	0.0	0.0	0.1300000000000002
58.5	0.25499999999998835	0.0	0.12749999999999417	0.7199999999999989	0.0	0.24500000000000455	0.3216666666666678	0.0	0.0	0.0	0.14972222222222067
59.5	0.08500000000000085	0.0	0.042500000000000426	0.13000000000000256	0.8699999999999974	0.0	0.3333333333333333	0.0	0.0	0.0	0.1252777777777779
60.5	0.1700000000000017	0.0	0.08500000000000085	0.3500000000000014	0.13000000000000256	0.519999999999996	0.3333333333333333	0.0	0.0	0.0	0.13944444444444473
61.5	0.08500000000000085	0.30000000000000426	0.19250000000000256	0.3500000000000014	0.0	0.41499999999999915	0.25500000000000017	0.14999999999999858	0.19999999999999574	0.17499999999999716	0.20749999999999993
62.5	0.1700000000000017	0.29999999999999716	0.23499999999999943	0.5350000000000108	0.0	0.4649999999999892	0.3333333333333333	0.0	0.0	0.0	0.18944444444444422
63.5	0.0	0.9849999999999994	0.4924999999999997	0.015000000000000568	0.0	0.0	0.005000000000000189	0.0	0.0	0.0	0.1658333333333333
64.5	0.0	1.0	0.5	0.0	0.0	0.0	0.0	0.0	0.0	0.0	0.16666666666666666
65.5	0.03499999999999659	0.5649999999999977	0.29999999999999716	0.23499999999999943	0.0	0.20000000000000284	0.14500000000000077	0.0	0.0	0.0	0.14833333333333265
66.5	0.3049999999999926	0.0	0.1524999999999963	0.5650000000000119	0.0	0.3149999999999977	0.29333333333333655	0.0	0.0	0.0	0.14861111111111094
67.5	0.1700000000000017	0.0	0.08500000000000085	0.3500000000000085	0.0	0.5649999999999835	0.30499999999999733	0.0	0.0	0.0	0.1299999999999994
68.5	0.1150000000000091	0.0	0.05750000000000455	0.47999999999998977	0.0	0.5200000000000102	0.3333333333333333	0.0	0.0	0.0	0.1302777777777793
69.5	0.14000000000000057	0.0	0.07000000000000028	0.3199999999999932	0.644999999999996	0.0	0.32166666666666305	0.0	0.0	0.0	0.13055555555555445
70.5	0.0	0.0	0.0	0.0	0.355000000000004	0.0	0.11833333333333466	0.0	0.0	0.0	0.039444444444444886
