ClockTime(s)_UtilizationValuesFrom:	Vision_Module	Audio_Module	Perceptual_SubNetwork	Production_Module	Declarative_Module	Imaginary_Module	Cognitive_SubNetwork	Motor_Module	Speech_Module	Motor_SubNetwork	Overall_Utilization
0.5	0.16999999999999996	0.0	0.08499999999999998	0.34999999999999987	0.0	0.5650000000000002	0.305	0.0	0.0	0.0	0.12999999999999998
1.5	0.16999999999999993	0.0	0.08499999999999996	0.40000000000000013	0.0	0.5149999999999999	0.305	0.0	0.0	0.0	0.12999999999999998
2.5	0.1299999999999999	0.0	0.06499999999999995	0.3949999999999996	0.0	0.5200000000000005	0.305	0.0	0.0	0.0	0.12333333333333331
3.5	0.125	0.0	0.0625	0.3150000000000004	0.0	0.5999999999999996	0.305	0.0	0.0	0.0	0.1225
4.5	0.16999999999999993	0.0	0.08499999999999996	0.33999999999999986	0.0	0.5750000000000002	0.305	0.0	0.0	0.0	0.12999999999999998
5.5	0.16999999999999993	0.0	0.08499999999999996	0.4499999999999993	0.0	0.46500000000000075	0.305	0.0	0.0	0.0	0.12999999999999998
6.5	0.16999999999999993	0.3899999999999997	0.2799999999999998	0.34999999999999964	0.0	0.5600000000000005	0.3033333333333334	0.0	0.0	0.0	0.19444444444444442
7.5	0.0	0.05999999999999961	0.029999999999999805	0.10000000000000142	0.6399999999999997	0.1999999999999993	0.31333333333333346	0.0	0.0	0.0	0.11444444444444442
8.5	0.2550000000000008	0.0	0.1275000000000004	0.6050000000000004	0.35999999999999943	0.0	0.3216666666666666	0.0	0.0	0.0	0.14972222222222234
9.5	0.08499999999999908	0.8199999999999985	0.4524999999999988	0.19500000000000206	0.0	0.1999999999999993	0.13166666666666713	0.0	0.0	0.0	0.194722222222222
10.5	0.0	0.6799999999999997	0.33999999999999986	0.120000000000001	0.0	0.1999999999999993	0.10666666666666676	0.0	0.0	0.0	0.14888888888888888
11.5	0.08500000000000085	0.3000000000000007	0.19250000000000078	0.3299999999999965	0.0	0.5850000000000026	0.3049999999999997	0.0	0.0	0.0	0.1658333333333335
12.5	0.0	0.5999999999999996	0.2999999999999998	0.1850000000000005	0.0	0.21499999999999986	0.13333333333333344	0.0	0.0	0.0	0.1444444444444444
13.5	0.16999999999999815	0.0	0.08499999999999908	0.5649999999999977	0.0	0.40000000000000213	0.3216666666666666	0.0	0.0	0.0	0.13555555555555523
14.5	0.33999999999999986	0.3000000000000007	0.3200000000000003	0.75	0.0	0.25	0.3333333333333333	0.0	0.0	0.0	0.21777777777777785
15.5	0.0	0.75	0.375	0.09999999999999964	0.0	0.15000000000000036	0.08333333333333333	0.0	0.0	0.0	0.15277777777777776
16.5	0.1700000000000017	0.33999999999999986	0.2550000000000008	0.40000000000000213	0.0	0.5499999999999972	0.31666666666666643	0.0	0.0	0.0	0.19055555555555573
17.5	0.0	0.6600000000000001	0.33000000000000007	0.10000000000000142	0.0	0.25	0.11666666666666714	0.0	0.0	0.0	0.14888888888888907
18.5	0.0849999999999973	0.1999999999999993	0.1424999999999983	0.30000000000000426	0.0	0.41499999999999915	0.23833333333333448	0.0	0.0	0.0	0.12694444444444428
19.5	0.1700000000000017	0.4149999999999956	0.29249999999999865	0.5000000000000036	0.0	0.384999999999998	0.29500000000000054	0.0	0.0	0.0	0.19583333333333308
20.5	0.0849999999999973	0.48499999999999943	0.28499999999999837	0.28000000000000114	0.0	0.1999999999999993	0.16000000000000014	0.0	0.0	0.0	0.14833333333333285
21.5	0.3400000000000034	0.0	0.1700000000000017	0.6700000000000017	0.0	0.3299999999999983	0.3333333333333333	0.0	0.0	0.0	0.16777777777777833
22.5	0.08500000000000085	0.0	0.042500000000000426	0.1999999999999993	0.0	0.2699999999999996	0.1566666666666663	0.879999999999999	0.0	0.4399999999999995	0.21305555555555541
23.5	0.0	0.0	0.0	0.05000000000000071	0.0	0.0	0.016666666666666902	0.9499999999999993	0.0	0.47499999999999964	0.16388888888888883
24.5	0.1700000000000017	0.0	0.08500000000000085	0.3000000000000007	0.0	0.3299999999999983	0.20999999999999966	0.370000000000001	0.0	0.1850000000000005	0.16000000000000034
25.5	0.08500000000000085	0.3000000000000007	0.19250000000000078	0.3500000000000014	0.0	0.41499999999999915	0.25500000000000017	0.14999999999999858	0.1999999999999993	0.17499999999999893	0.20749999999999993
26.5	0.16999999999999815	0.16000000000000014	0.16499999999999915	0.34999999999999787	0.0	0.5650000000000013	0.3049999999999997	0.0	0.0	0.0	0.1566666666666663
27.5	0.0	0.6999999999999993	0.34999999999999964	0.15000000000000213	0.0	0.28999999999999915	0.14666666666666708	0.0	0.0	0.0	0.16555555555555557
28.5	0.0	1.0	0.5	0.0	0.0	0.0	0.0	0.0	0.0	0.0	0.16666666666666666
29.5	0.0	1.0	0.5	0.0	0.0	0.0	0.0	0.0	0.0	0.0	0.16666666666666666
30.5	0.0	1.0	0.5	0.0	0.0	0.0	0.0	0.0	0.0	0.0	0.16666666666666666
31.5	0.0	1.0	0.5	0.0	0.0	0.0	0.0	0.0	0.0	0.0	0.16666666666666666
32.5	0.0	1.0	0.5	0.0	0.0	0.0	0.0	0.0	0.0	0.0	0.16666666666666666
33.5	0.0	0.990000000000002	0.495000000000001	0.00999999999999801	0.0	0.0	0.00333333333333267	0.0	0.0	0.0	0.16611111111111124
34.5	0.09499999999999886	0.0	0.04749999999999943	0.39000000000000057	0.0	0.6000000000000014	0.3300000000000007	0.0	0.0	0.0	0.12583333333333338
35.5	0.1600000000000037	0.0	0.08000000000000185	0.32499999999999574	0.0	0.6000000000000014	0.3083333333333324	0.0	0.0	0.0	0.12944444444444475
36.5	0.3400000000000034	0.0	0.1700000000000017	0.7750000000000057	0.0	0.18999999999999773	0.3216666666666678	0.0	0.0	0.0	0.16388888888888983
37.5	0.1700000000000017	0.0	0.08500000000000085	0.3500000000000014	0.0	0.4099999999999966	0.2533333333333327	0.5900000000000034	0.0	0.2950000000000017	0.21111111111111178
38.5	0.0	0.0	0.0	0.05000000000000426	0.0	0.0	0.01666666666666809	0.9499999999999957	0.0	0.47499999999999787	0.16388888888888867
39.5	0.08500000000000085	0.0	0.042500000000000426	0.15000000000000568	0.0	0.18999999999999773	0.11333333333333447	0.6599999999999966	0.0	0.3299999999999983	0.1619444444444444
40.5	0.08500000000000085	0.28999999999999915	0.1875	0.44000000000000483	0.0	0.4099999999999966	0.2833333333333338	0.14999999999999858	0.20000000000000284	0.1750000000000007	0.2152777777777782
41.5	0.08500000000000085	0.10999999999999233	0.09749999999999659	0.060000000000002274	0.0	0.0	0.020000000000000757	0.0	0.0	0.0	0.03916666666666578
42.5	0.08500000000000085	0.0	0.042500000000000426	0.29999999999999005	0.0	0.5550000000000068	0.284999999999999	0.0	0.0	0.0	0.10916666666666647
43.5	0.25499999999998835	0.0	0.12749999999999417	0.7199999999999989	0.0	0.24500000000000455	0.3216666666666678	0.0	0.0	0.0	0.14972222222222067
44.5	0.25500000000000256	0.0	0.12750000000000128	0.5300000000000082	0.0	0.3999999999999915	0.3099999999999999	0.07000000000000028	0.0	0.03500000000000014	0.15750000000000045
45.5	0.08500000000000085	0.29999999999999716	0.192499999999999	0.30000000000000426	0.0	0.5349999999999966	0.2783333333333336	0.0799999999999983	0.19999999999999574	0.13999999999999702	0.20361111111110985
46.5	0.25500000000000256	0.0	0.12750000000000128	0.70000000000001	0.0	0.26499999999999346	0.3216666666666678	0.0	0.0	0.0	0.14972222222222303
47.5	0.1700000000000017	0.0	0.08500000000000085	0.3999999999999986	0.0	0.20000000000000284	0.20000000000000048	0.3999999999999986	0.0	0.1999999999999993	0.16166666666666688
48.5	0.08500000000000085	0.0	0.042500000000000426	0.14999999999999858	0.0	0.14999999999999858	0.09999999999999905	0.7000000000000028	0.0	0.3500000000000014	0.16416666666666696
49.5	0.08500000000000085	0.10000000000000142	0.09250000000000114	0.4000000000000057	0.0	0.44999999999999574	0.2833333333333338	0.14999999999999858	0.19999999999999574	0.17499999999999716	0.18361111111111073
50.5	0.1700000000000017	0.20000000000000284	0.18500000000000227	0.31500000000000483	0.0	0.5999999999999943	0.3049999999999997	0.0	0.0	0.0	0.163333333333334
51.5	0.25500000000000256	0.0	0.12750000000000128	0.6849999999999952	0.28000000000000114	0.0	0.32166666666666544	0.0	0.0	0.0	0.14972222222222223
52.5	0.0	0.0	0.0	0.0800000000000054	0.7199999999999989	0.19999999999999574	0.3333333333333333	0.0	0.0	0.0	0.1111111111111111
53.5	0.1700000000000017	0.030000000000001137	0.10000000000000142	0.44999999999999574	0.0	0.4000000000000057	0.2833333333333338	0.14999999999999858	0.030000000000001137	0.08999999999999986	0.15777777777777838
54.5	0.08500000000000085	0.37000000000000455	0.2275000000000027	0.1700000000000017	0.0	0.19999999999999574	0.12333333333333248	0.0	0.1700000000000017	0.08500000000000085	0.14527777777777867
55.5	0.0	0.0	0.0	0.0	0.0	0.0	0.0	0.0	0.0	0.0	0.0
56.5	0.0	0.0	0.0	0.04999999999999716	0.0	0.030000000000001137	0.0266666666666661	0.0	0.0	0.0	0.0088888888888887
57.5	0.08500000000000085	0.0	0.042500000000000426	0.34499999999999176	0.0	0.5700000000000074	0.3049999999999997	0.0	0.0	0.0	0.11583333333333339
58.5	0.25500000000000256	0.0	0.12750000000000128	0.654999999999994	0.10999999999999943	0.20000000000000284	0.32166666666666544	0.0	0.0	0.0	0.14972222222222223
59.5	0.0	0.0	0.0	0.0	0.8900000000000006	0.0	0.29666666666666686	0.0	0.0	0.0	0.09888888888888896
