ClockTime(s)_UtilizationValuesFrom:	Vision_Module	Audio_Module	Perceptual_SubNetwork	Production_Module	Declarative_Module	Imaginary_Module	Cognitive_SubNetwork	Motor_Module	Speech_Module	Motor_SubNetwork	Overall_Utilization
0.5	0.0	0.0	0.0	0.05	0.0	0.0	0.016666666666666666	0.95	0.0	0.475	0.1638888888888889
1.5	0.0	0.0	0.0	0.0	0.0	0.0	0.0	1.0	0.0	0.5	0.16666666666666666
2.5	0.0	0.0	0.0	0.0	0.0	0.0	0.0	1.0	0.0	0.5	0.16666666666666666
3.5	0.0	0.0	0.0	0.0	0.0	0.0	0.0	1.0	0.0	0.5	0.16666666666666666
4.5	0.0	0.0	0.0	0.0	0.0	0.0	0.0	1.0	0.0	0.5	0.16666666666666666
5.5	0.08499999999999996	0.4500000000000002	0.26750000000000007	0.3000000000000016	0.01499999999999968	0.39999999999999947	0.2383333333333336	0.04999999999999982	0.0	0.02499999999999991	0.17694444444444454
6.5	0.0	0.0	0.0	0.01499999999999968	0.9850000000000003	0.0	0.3333333333333333	0.0	0.0	0.0	0.1111111111111111
7.5	0.08499999999999996	0.2999999999999998	0.1924999999999999	0.3849999999999989	0.0	0.6000000000000005	0.32833333333333314	0.0	0.0	0.0	0.17361111111111102
8.5	0.0	0.7000000000000011	0.35000000000000053	0.09999999999999787	0.0	0.20000000000000107	0.09999999999999964	0.0	0.0	0.0	0.15000000000000005
9.5	0.0	0.5	0.25	0.15000000000000036	0.0	0.34999999999999964	0.16666666666666666	0.0	0.0	0.0	0.13888888888888887
10.5	0.08499999999999908	0.6500000000000004	0.3674999999999997	0.3999999999999986	0.0	0.2500000000000018	0.21666666666666679	0.0	0.0	0.0	0.19472222222222216
11.5	0.16999999999999815	0.25	0.20999999999999908	0.5150000000000006	0.0	0.1999999999999993	0.23833333333333329	0.0	0.0	0.0	0.14944444444444413
12.5	0.254999999999999	0.25	0.2524999999999995	0.5999999999999996	0.0	0.40000000000000036	0.3333333333333333	0.0	0.0	0.0	0.19527777777777758
13.5	0.08499999999999908	0.6150000000000002	0.34999999999999964	0.2350000000000012	0.0	0.1999999999999993	0.14500000000000016	0.15000000000000036	0.0	0.07500000000000018	0.18999999999999997
14.5	0.10000000000000142	0.23499999999999943	0.16750000000000043	0.365000000000002	0.0	0.3999999999999986	0.25500000000000017	0.0	0.0	0.0	0.14083333333333353
15.5	0.15500000000000114	0.5649999999999995	0.3600000000000003	0.365000000000002	0.0	0.3999999999999986	0.25500000000000017	0.14999999999999858	0.1999999999999993	0.17499999999999893	0.26333333333333314
16.5	0.16499999999999915	0.03500000000000014	0.09999999999999964	0.32000000000000384	0.0	0.5999999999999979	0.30666666666666725	0.0	0.0	0.0	0.13555555555555562
17.5	0.08999999999999986	0.14999999999999858	0.11999999999999922	0.3950000000000031	0.0	0.5999999999999979	0.331666666666667	0.0	0.0	0.0	0.15055555555555541
18.5	0.08500000000000085	0.75	0.4175000000000004	0.254999999999999	0.0	0.14499999999999957	0.13333333333333286	0.0	0.0	0.0	0.18361111111111109
19.5	0.3400000000000034	0.0	0.1700000000000017	0.7100000000000009	0.0	0.254999999999999	0.3216666666666666	0.0	0.0	0.0	0.16388888888888944
20.5	0.1700000000000017	0.0	0.08500000000000085	0.33999999999999986	0.0	0.3999999999999986	0.24666666666666615	0.6099999999999994	0.0	0.3049999999999997	0.21222222222222223
21.5	0.0	0.0	0.0	0.05000000000000071	0.0	0.0	0.016666666666666902	0.9499999999999993	0.0	0.47499999999999964	0.16388888888888883
22.5	0.08500000000000085	0.0	0.042500000000000426	0.16000000000000014	0.0	0.1999999999999993	0.11999999999999982	0.6400000000000006	0.0	0.3200000000000003	0.16083333333333352
23.5	0.09500000000000242	0.16000000000000014	0.12750000000000128	0.4400000000000013	0.0	0.3999999999999986	0.27999999999999997	0.14999999999999858	0.1999999999999993	0.17499999999999893	0.19416666666666674
24.5	0.16000000000000014	0.14000000000000057	0.15000000000000036	0.32500000000000284	0.0	0.5999999999999979	0.30833333333333357	0.0	0.0	0.0	0.15277777777777798
25.5	0.3400000000000034	0.3000000000000007	0.32000000000000206	0.7650000000000006	0.0	0.1999999999999993	0.3216666666666666	0.0	0.0	0.0	0.21388888888888954
26.5	0.1700000000000017	0.23999999999999844	0.20500000000000007	0.360000000000003	0.0	0.3999999999999986	0.25333333333333385	0.6400000000000006	0.0	0.3200000000000003	0.25944444444444476
27.5	0.0	1.0	0.5	0.0	0.0	0.0	0.0	0.46000000000000085	0.0	0.23000000000000043	0.24333333333333348
28.5	0.0	1.0	0.5	0.0	0.0	0.0	0.0	0.0	0.0	0.0	0.16666666666666666
29.5	0.0	1.0	0.5	0.0	0.0	0.0	0.0	0.0	0.0	0.0	0.16666666666666666
30.5	0.0	1.0	0.5	0.0	0.0	0.0	0.0	0.0	0.0	0.0	0.16666666666666666
31.5	0.0	1.0	0.5	0.0	0.0	0.0	0.0	0.0	0.0	0.0	0.16666666666666666
32.5	0.0	1.0	0.5	0.0	0.0	0.0	0.0	0.0	0.0	0.0	0.16666666666666666
33.5	0.08500000000000085	0.3100000000000023	0.19750000000000156	0.28999999999999204	0.0	0.4000000000000057	0.22999999999999923	0.0	0.0	0.0	0.14250000000000027
34.5	0.0	0.0	0.0	0.00999999999999801	0.0	0.0	0.00333333333333267	0.990000000000002	0.0	0.495000000000001	0.16611111111111124
35.5	0.1700000000000017	0.0	0.08500000000000085	0.3999999999999915	0.0	0.4000000000000057	0.2666666666666657	0.20000000000000284	0.0	0.10000000000000142	0.150555555555556
36.5	0.08500000000000085	0.3999999999999986	0.24249999999999972	0.2499999999999929	0.0	0.20000000000000284	0.14999999999999858	0.060000000000002274	0.20000000000000284	0.13000000000000256	0.17416666666666694
37.5	0.08500000000000085	0.0	0.042500000000000426	0.2050000000000054	0.0	0.19999999999999574	0.13500000000000037	0.0	0.0	0.0	0.05916666666666693
38.5	0.14000000000000057	0.0	0.07000000000000028	0.3450000000000131	0.0	0.5999999999999872	0.3150000000000001	0.0	0.0	0.0	0.12833333333333347
39.5	0.11500000000000199	0.0	0.057500000000000995	0.36999999999999034	0.0	0.6000000000000085	0.323333333333333	0.0	0.0	0.0	0.12694444444444467
40.5	0.3399999999999963	0.0	0.16999999999999815	0.7649999999999935	0.0	0.20000000000000284	0.32166666666666544	0.0	0.0	0.0	0.16388888888888786
41.5	0.1699999999999946	0.0	0.0849999999999973	0.44999999999998863	0.0	0.4000000000000057	0.28333333333333144	0.15000000000000568	0.0	0.07500000000000284	0.1477777777777772
42.5	0.08500000000000085	0.29999999999999716	0.192499999999999	0.3149999999999906	0.0	0.6000000000000085	0.3049999999999997	0.0	0.20000000000000284	0.10000000000000142	0.19916666666666671
43.5	0.3200000000000003	0.0	0.16000000000000014	0.7650000000000077	0.0	0.19999999999999574	0.3216666666666678	0.0	0.0	0.0	0.16055555555555598
44.5	0.10500000000000398	0.0	0.05250000000000199	0.2849999999999966	0.0	0.20000000000000284	0.1616666666666665	0.5150000000000006	0.0	0.2575000000000003	0.15722222222222293
45.5	0.08500000000000085	0.0	0.042500000000000426	0.2149999999999963	0.0	0.20000000000000284	0.13833333333333306	0.5850000000000009	0.0	0.2925000000000004	0.157777777777778
46.5	0.14999999999999858	0.3149999999999977	0.23249999999999815	0.4350000000000023	0.0	0.3999999999999986	0.2783333333333336	0.14999999999999858	0.19999999999999574	0.17499999999999716	0.22861111111110963
47.5	0.020000000000003126	0.08500000000000085	0.05250000000000199	0.0	0.0	0.0	0.0	0.0	0.0	0.0	0.017500000000000664
48.5	0.08500000000000085	0.0	0.042500000000000426	0.2500000000000071	0.0	0.37999999999999545	0.21000000000000085	0.0	0.0	0.0	0.0841666666666671
49.5	0.1700000000000017	0.0	0.08500000000000085	0.5450000000000017	0.0	0.4200000000000017	0.3216666666666678	0.0	0.0	0.0	0.13555555555555623
50.5	0.25500000000000256	0.0	0.12750000000000128	0.605000000000004	0.0	0.19999999999999574	0.26833333333333326	0.19500000000000028	0.0	0.09750000000000014	0.1644444444444449
51.5	0.0	0.0	0.0	0.09499999999999886	0.0	0.0	0.03166666666666629	0.9050000000000011	0.0	0.45250000000000057	0.16138888888888894
52.5	0.1700000000000017	0.0	0.08500000000000085	0.40500000000000114	0.0	0.4450000000000003	0.2833333333333338	0.14999999999999858	0.09499999999999886	0.12249999999999872	0.16361111111111112
53.5	0.14500000000000313	0.30000000000000426	0.2225000000000037	0.3499999999999943	0.0	0.5650000000000048	0.3049999999999997	0.0	0.10499999999999687	0.05249999999999844	0.19333333333333394
54.5	0.27999999999999403	0.0	0.13999999999999702	0.7000000000000028	0.07500000000000284	0.18999999999999773	0.3216666666666678	0.0	0.0	0.0	0.15388888888888827
55.5	0.0	0.0	0.0	0.05000000000000426	0.9249999999999972	0.02499999999999858	0.3333333333333333	0.0	0.0	0.0	0.1111111111111111
56.5	0.1700000000000017	0.0	0.08500000000000085	0.4000000000000057	0.0	0.5749999999999957	0.32500000000000046	0.02499999999999858	0.0	0.01249999999999929	0.14083333333333353
57.5	0.08500000000000085	0.29999999999999716	0.192499999999999	0.29999999999999716	0.0	0.490000000000002	0.26333333333333303	0.125	0.20000000000000284	0.16250000000000142	0.20611111111111113
58.5	0.25500000000000256	0.0	0.12750000000000128	0.40499999999999403	0.0	0.5100000000000051	0.3049999999999997	0.0	0.0	0.0	0.144166666666667
59.5	0.08500000000000085	0.30000000000000426	0.19250000000000256	0.4000000000000128	0.0	0.5999999999999872	0.3333333333333333	0.0	0.0	0.0	0.17527777777777862
60.5	0.08500000000000085	0.8049999999999997	0.4450000000000003	0.19500000000000028	0.0	0.0	0.0650000000000001	0.0	0.0	0.0	0.17000000000000012
61.5	0.0	1.0	0.5	0.0	0.0	0.0	0.0	0.0	0.0	0.0	0.16666666666666666
62.5	0.0	0.7449999999999974	0.3724999999999987	0.05500000000000682	0.0	0.19999999999999574	0.08500000000000085	0.0	0.0	0.0	0.15249999999999986
63.5	0.32499999999999574	0.0	0.16249999999999787	0.6950000000000074	0.0	0.19999999999999574	0.2983333333333344	0.0	0.0	0.0	0.15361111111111075
64.5	0.13500000000000512	0.0	0.06750000000000256	0.3500000000000085	0.0	0.5999999999999943	0.3166666666666676	0.0	0.0	0.0	0.12805555555555673
65.5	0.1349999999999909	0.0	0.06749999999999545	0.3499999999999943	0.0	0.6000000000000085	0.3166666666666676	0.0	0.0	0.0	0.12805555555555434
66.5	0.25500000000000966	0.0	0.12750000000000483	0.5999999999999943	0.0	0.28000000000000114	0.29333333333333184	0.0	0.0	0.0	0.1402777777777789
